  1 12    5.96  4.11 .082 .036  .219 .011 .001 .093 .079 .027 .015 .059 .010 .0012 .0010 .0005 10.74  .33
  1 13    6.32  4.51 .115 .047  .275 .023 .002 .062 .028 .005 .004 .151 .018 .0023 .0014 .0007 11.62  .49
  1 15    6.98  5.24 .162 .054  .685 .040 .005 .116 .066 .015 .011 .138 .012 .0014 .0021 .0011 13.65  .90
  1 18    7.89  6.28 .249 .057 1.146 .077 .010 .146 .059 .010 .007 .093 .006 .0005 .0023 .0012 16.34 1.87
  1 20    8.24  6.72 .214 .060 1.953 .049 .004 .300 .176 .037 .015 .120 .008 .0008 .0036 .0017 18.04  .76
  1 22    8.79  7.51 .242 .067 2.385 .062 .008 .382 .190 .036 .018 .241 .019 .0019 .0044 .0021 20.09  .64
  1 25    9.40  8.64 .324 .080 3.254 .162 .025 .339 .149 .027 .017 .169 .013 .0015 .0031 .0031 23.07 2.01
  1 30   10.50 10.40 .288 .104 3.652 .270 .040 .141 .016 .002 .001 .029 .004 .0015 .0004 .0003 25.90 1.74
  1 35   11.50 11.90 .303 .125 3.072 .188 .030 .059 .012 .002 .002 .032 .004 .0013 .0005 .0004 27.82 2.12
  1 40   11.10 13.00 .315 .141 2.361 .124 .021 .031 .011 .002 .002 .032 .003 .0010 .0005 .0004 27.67 1.90
  1e-1 12    6.26  3.91 .089 .003  .145 .006 .000 .030 .014 .003 .003 .178 .016 .0022 .0012 .0004 10.68  .17
  1e-1 13    6.67  4.30 .109 .004  .290 .018 .001 .066 .032 .006 .005 .186 .021 .0026 .0018 .0009 11.76  .39
  1e-1 15    7.42  5.04 .142 .005  .555 .023 .001 .072 .034 .007 .006 .197 .010 .0018 .0018 .0006 13.60  .60
  1e-1 18    8.36  6.18 .225 .006  .995 .080 .004 .130 .049 .009 .008 .140 .005 .0009 .0023 .0007 16.41 1.31
  1e-1 20    8.95  6.70 .246 .006 1.520 .054 .003 .234 .131 .026 .019 .126 .003 .0002 .0038 .0008 18.13  .59
  1e-1 22    9.44  7.42 .232 .007 2.120 .019 .002 .329 .189 .042 .023 .128 .003 .0001 .0045 .0009 20.00  .20
  1e-1 25   10.30  8.60 .267 .009 2.900 .032 .003 .399 .223 .054 .022 .207 .011 .0005 .0036 .0010 23.09  .24
  1e-1 30   11.40 10.50 .304 .011 4.110 .328 .017 .079 .003 .000 .000 .002 .000 .0001 .0000 .0000 27.40 2.36
  1e-1 35   12.40 12.00 .319 .013 3.100 .152 .008 .027 .002 .000 .000 .002 .000 .0001 .0000 .0000 28.53 1.77
  1e-1 40   13.30 14.00 .337 .016 2.720 .084 .005 .009 .002 .000 .000 .002 .000 .0001 .0000 .0000 31.09 1.98
  1e-2 12    6.30  3.90 .090 .000  .142 .006 .000 .031 .014 .003 .003 .152 .012 .0016 .0009 .0003 10.67  .13
  1e-2 13    6.71  4.28 .109 .000  .210 .011 .000 .042 .022 .005 .005 .191 .012 .0020 .0019 .0004 11.63  .25
  1e-2 15    7.49  5.09 .149 .001  .423 .022 .001 .074 .035 .007 .006 .172 .011 .0013 .0020 .0005 13.53  .34
  1e-2 18    8.57  6.25 .194 .001  .952 .037 .001 .101 .056 .012 .010 .136 .004 .0005 .0025 .0006 16.52 1.16
  1e-2 20    9.07  6.62 .208 .001 1.620 .017 .001 .245 .150 .038 .019 .075 .001 .0000 .0035 .0006 18.13  .33
  1e-2 22    9.67  7.50 .248 .001 1.940 .058 .003 .314 .150 .029 .019 .100 .002 .0000 .0040 .0006 20.08  .20
  1e-2 25   10.40  8.76 .279 .001 2.830 .040 .003 .388 .208 .051 .020 .188 .011 .0004 .0028 .0008 23.24  .24
  1e-2 30   11.60 10.30 .315 .001 3.980 .257 .009 .119 .003 .000 .000 .000 .000 .0000 .0000 .0000 26.95 1.36
  1e-2 35   12.80 12.00 .343 .002 3.670 .183 .005 .019 .000 .000 .000 .000 .000 .0000 .0000 .0000 29.74 2.41
  1e-2 40   13.70 13.90 .340 .002 2.610 .076 .002 .004 .000 .000 .000 .000 .000 .0000 .0000 .0000 31.17 1.72
  1e-4 12    6.39  3.91 .074 .000  .146 .009 .000 .060 .048 .012 .012 .055 .003 .0004 .0010 .0002 10.78  .56
  1e-4 13    6.82  4.31 .109 .000  .181 .008 .000 .052 .028 .006 .005 .090 .004 .0004 .0016 .0003 11.63  .14
  1e-4 15    7.64  5.08 .143 .000  .383 .018 .001 .053 .024 .005 .004 .064 .003 .0003 .0013 .0002 13.45  .24
  1e-4 18    8.80  6.12 .219 .000  .766 .058 .002 .098 .038 .007 .006 .162 .008 .0008 .0019 .0006 16.50 1.29
  1e-4 20    9.22  6.58 .215 .000 1.510 .017 .001 .242 .143 .034 .019 .091 .001 .0000 .0039 .0006 18.14  .34
  1e-4 22    9.95  7.42 .273 .000 1.730 .033 .001 .280 .167 .036 .023 .124 .003 .0001 .0040 .0006 20.11  .32
  1e-4 25   10.70  8.53 .295 .000 2.780 .096 .004 .362 .164 .031 .019 .204 .011 .0004 .0033 .0008 23.29  .38
  1e-4 30   12.00 10.10 .333 .000 4.070 .254 .008 .098 .003 .000 .000 .000 .000 .0000 .0000 .0000 27.33 1.70
  1e-4 35   13.20 11.70 .164 .000  .026 .000 .000 .000 .000 .000 .000 .000 .000 .0000 .0000 .0000 25.09  .00
  1e-4 40   14.30 12.10 .080 .000  .007 .000 .000 .000 .000 .000 .000 .000 .000 .0000 .0000 .0000 26.49  .01
   0    12    6.39  4.08 .043 .000  .067 .004 .000 .025 .009 .002 .001 .081 .009 .0006 .0007 .0002 10.72  .07
   0    13    6.83  4.42 .068 .000  .137 .015 .001 .034 .014 .003 .003 .191 .035 .0029 .0013 .0006 11.79  .29
   0    15    7.69  4.90 .145 .000  .400 .034 .001 .069 .026 .005 .004 .161 .014 .0007 .0011 .0006 13.55  .73
   0    18    8.85  5.70 .110 .000  .030 .000 .000 .000 .000 .000 .000 .000 .000 .0000 .0000 .0000 14.69  .00
   0    20    9.56  6.32 .090 .000  .009 .000 .000 .000 .000 .000 .000 .000 .000 .0000 .0000 .0000 15.98  .01
   0    22   10.20  7.10 .277 .000 1.850 .095 .002 .166 .110 .025 .024 .169 .011 .0007 .0027 .0008 20.60 2.75
   0    25   11.40  7.33 .083 .000  .010 .000 .000 .000 .000 .000 .000 .000 .000 .0000 .0000 .0000 18.82 -.02
   0    30   12.80  9.11 .109 .004  .027 .000 .000 .000 .000 .000 .000 .000 .000 .0000 .0000 .0000 22.05  .00
   0    35   14.20  8.17 .000 .000  .000 .000 .000 .000 .000 .000 .000 .000 .000 .0000 .0000 .0000 22.37  .00
   0    40   15.00  8.63 .000 .000  .000 .000 .000 .000 .000 .000 .000 .000 .000 .0000 .0000 .0000 23.63  .00
A 1 25    9.40  8.64 .324 .080 3.254 .162 .025 .339 .149 .027 .017 .169 .013 .0015 .0031 .0031 23.07 2.01
A 1e-1 25   10.30  8.60 .267 .009 2.900 .032 .003 .399 .223 .054 .022 .207 .011 .0005 .0036 .0010 23.09  .24
A 1e-2 25   10.40  8.76 .279 .001 2.830 .040 .003 .388 .208 .051 .020 .188 .011 .0004 .0028 .0008 23.24  .24
A 1e-4 25   10.70  8.53 .295 .000 2.780 .096 .004 .362 .164 .031 .019 .204 .011 .0004 .0033 .0008 23.29  .38
A  0    25   11.40  7.33 .083 .000  .010 .000 .000 .000 .000 .000 .000 .000 .000 .0000 .0000 .0000 18.82 -.02
S              .00   .00 .048 .000  .143 .009 .001 .153 .086 .016 .012 .744 .141 .0000 .0064 .0082 
  1 30*  10.50 10.40 .292 .104 4.882 .346 .051 .384 .108 .019 .013 .481 .053 .0042 .0047 .0026 28.16 1.83
  1 35*  11.50 11.90 .322 .125 5.822 .392 .064 .166 .019 .003 .002 .032 .006 .0026 .0005 .0004 31.33 3.11
  1 35** 11.50 12.00 .322 .125 6.362 .407 .066 .494 .179 .032 .024 .625 .076 .0059 .0062 .0060 33.23 3.01
  1 40*  11.10 13.00 .365 .141 6.031 .363 .065 .080 .013 .003 .002 .033 .006 .0027 .0005 .0004 32.55 4.13
  1 40** 11.10 13.00 .370 .141 7.631 .449 .077 .621 .248 .043 .032 .760 .077 .0076 .0100 .0051 35.98 3.91
  1e-1 30*  11.40 10.50 .304 .011 4.420 .344 .018 .214 .065 .013 .011 .185 .009 .0003 .0028 .0010 28.14 2.28
  1e-1 35*  12.40 12.00 .334 .013 5.780 .355 .019 .115 .006 .001 .000 .002 .000 .0001 .0000 .0000 31.84 2.56
  1e-1 35** 12.40 12.10 .333 .013 5.980 .358 .020 .366 .149 .029 .027 .616 .041 .0024 .0087 .0022 33.26 2.45
  1e-1 40*  13.30 14.00 .399 .016 6.250 .282 .016 .030 .002 .000 .000 .002 .000 .0002 .0000 .0000 35.78 4.14
  1e-1 40** 13.30 14.00 .400 .016 7.150 .342 .019 .426 .197 .039 .035 .680 .049 .0019 .0068 .0055 38.16 3.92
  1e-2 30*  11.60 10.30 .315 .001 4.450 .277 .010 .312 .099 .019 .018 .177 .006 .0002 .0034 .0013 27.95 1.29
  1e-2 35*  12.80 12.00 .353 .002 5.650 .335 .010 .271 .112 .022 .020 .182 .005 .0001 .0039 .0027 32.72 2.91
  1e-2 35** 12.80 12.10 .352 .002 5.630 .333 .010 .276 .114 .023 .021 .590 .032 .0013 .0065 .0015 33.24 2.85
  1e-2 40*  13.70 13.90 .389 .002 6.190 .288 .008 .029 .000 .000 .000 .000 .000 .0000 .0000 .0000 35.84 3.72
  1e-2 40** 13.70 13.90 .389 .002 7.060 .344 .010 .416 .198 .040 .037 .700 .043 .0016 .0098 .0026 38.18 3.47
  1e-4 30*  12.00 10.10 .333 .000 4.340 .264 .008 .264 .089 .018 .016 .210 .008 .0003 .0034 .0006 28.11 1.62
  1e-4 35*  13.20 11.80 .358 .000 5.550 .330 .009 .097 .003 .000 .000 .000 .000 .0000 .0000 .0000 32.18 2.59
  1e-4 35** 13.20 11.90 .358 .000 5.620 .328 .009 .272 .112 .023 .022 .583 .031 .0014 .0067 .0014 33.30 2.50
  1e-4 40*  14.30 13.60 .420 .000 6.200 .284 .007 .036 .001 .000 .000 .000 .000 .0000 .0000 .0000 36.11 3.49
  1e-4 40** 14.30 13.60 .420 .000 6.850 .322 .008 .370 .176 .036 .034 .692 .043 .0019 .0097 .0023 38.12 3.29
   0    30*  12.80  9.30 .348 .004 4.350 .249 .006 .124 .046 .009 .009 .325 .041 .0031 .0036 .0008 28.67 3.67
   0    35*  14.30 10.60 .349 .000 1.920 .048 .001 .002 .000 .000 .000 .000 .000 .0000 .0000 .0000 27.60 1.38
   0    35** 14.30 10.70 .404 .000 5.580 .239 .005 .211 .090 .018 .018 .578 .032 .0011 .0060 .0014 33.42 3.70
   0    40*  15.20 12.00 .285 .000  .578 .000 .000 .000 .000 .000 .000 .000 .000 .0000 .0000 .0000 28.07  .02
   0    40** 15.20 12.00 .482 .000 7.260 .281 .006 .344 .163 .033 .031 .725 .041 .0025 .0085 .0018 38.17 4.17
