# P12A P13A P15A P18A P20A P22A P25A P12A P13A P15A P18A P20A P22A P25A 
1H 6.26 6.67 7.42 8.36 8.95 9.44 10.3 	     	       	    	       11.4 11.4 12.4 12.4 12.4 13.3 13.3 13.3 				    
4He 3.91 4.30 5.04 6.18 6.70 7.42 8.60 				       10.5 10.5 12.0 12.0 12.1 14.0 14.0 14.0 				    
2H 1.07E-04 1.11E-04 1.13E-04 1.26E-04 1.31E-04 1.31E-04 1.42E-04      1.54E-04 1.54E-04 1.60E-04 1.60E-04 1.60E-04 1.70E-04 1.70E-04 1.70E-04
3He 4.62E-04 4.89E-04 5.44E-04 6.12E-04 6.58E-04 7.13E-04 7.78E-04     8.90E-04 8.90E-04 1.00E-03 1.00E-03 1.00E-03 1.09E-03 1.09E-03 1.09E-03
7Li 2.61E-07 2.45E-07 2.28E-07 2.56E-07 2.06E-07 1.95E-07 2.11E-07     2.90E-07 2.25E-07 1.97E-07 1.45E-07 1.20E-07 2.16E-07 1.70E-07 1.54E-07
7Be 2.19E-07 2.76E-07 2.34E-07 1.50E-07 1.48E-07 2.30E-07 3.37E-07     3.80E-07 3.39E-07 4.30E-07 3.76E-07 3.47E-07 4.03E-07 3.48E-07 3.28E-07
9Be 8.99E-12 6.69E-12 5.43E-12 4.94E-12 3.22E-12 2.57E-12 1.97E-12     2.11E-12 1.96E-12 6.27E-13 4.23E-13 3.28E-13 1.27E-12 9.97E-13 9.13E-13
10B 4.48E-11 8.34E-11 5.44E-11 1.89E-10 1.05E-10 2.46E-10 3.17E-10     1.08E-10 1.08E-10 1.09E-10 1.02E-10 1.40E-10 1.21E-10 1.38E-10 1.80E-10
11B 4.60E-07 3.80E-07 4.04E-07 1.16E-06 1.01E-06 5.91E-07 5.80E-07     6.01E-07 5.53E-07 4.34E-07 4.65E-07 4.45E-07 4.25E-07 6.58E-07 6.37E-07
11C 2.35E-07 2.44E-07 2.09E-07 2.72E-07 4.25E-07 3.71E-07 3.23E-07     2.31E-07 1.91E-07 2.18E-07 2.75E-07 2.65E-07 2.31E-07 4.62E-07 4.71E-07
12C 8.93E-02 1.09E-01 1.42E-01 2.25E-01 2.46E-01 2.32E-01 2.67E-01     3.04E-01 3.04E-01 3.19E-01 3.34E-01 3.33E-01 3.37E-01 3.99E-01 4.00E-01
13C 4.65E-05 5.26E-05 6.22E-05 7.79E-05 8.65E-05 9.23E-05 1.08E-04     1.21E-04 1.21E-04 1.36E-04 1.35E-04 1.35E-04 1.54E-04 1.54E-04 1.54E-04
14C 8.22E-07 2.46E-06 1.06E-05 5.01E-06 1.76E-06 1.06E-06 7.89E-07     5.43E-07 5.73E-07 5.57E-07 6.01E-07 6.07E-07 6.30E-07 7.50E-07 7.45E-07
14N 2.90E-03 4.03E-03 4.85E-03 5.67E-03 6.30E-03 6.94E-03 8.56E-03     1.08E-02 1.08E-02 1.29E-02 1.29E-02 1.29E-02 1.59E-02 1.59E-02 1.59E-02
15N 1.39E-05 2.08E-05 5.29E-05 6.36E-05 7.73E-05 1.07E-04 1.31E-04     1.35E-04 1.42E-04 6.62E-05 1.81E-04 1.83E-04 4.33E-05 1.85E-04 2.17E-04
160 1.45E-01 2.90E-01 5.55E-01 9.94E-01 1.52 2.12 2.90 	  	       4.11 4.42 3.10 5.78 5.98 2.72 6.25 7.15 				    
170 3.70E-05 3.85E-05 4.18E-05 4.20E-05 3.65E-05 3.90E-05 3.60E-05     3.78E-05 3.78E-05 4.28E-05 4.28E-05 4.28E-05 4.72E-05 4.73E-05 4.73E-05
180 1.84E-04 3.44E-04 4.11E-04 8.25E-04 4.09E-04 1.02E-04 3.54E-05     8.27E-05 8.16E-05 1.09E-05 1.06E-05 1.04E-05 7.78E-06 7.54E-06 7.45E-06
19F 2.39E-05 1.00E-05 1.92E-05 4.72E-05 1.62E-05 6.80E-06 7.42E-06     8.21E-05 7.47E-05 6.65E-05 1.03E-04 9.84E-05 7.14E-05 1.97E-04 1.90E-04
20Ne 1.21E-02 4.22E-02 7.46E-02 2.06E-01 9.61E-02 3.59E-02 4.44E-02    6.38E-01 6.26E-01 4.92E-01 8.01E-01 7.91E-01 6.03E-01 1.46 1.45 	    
21Ne 6.44E-05 7.26E-05 1.55E-04 1.49E-04 1.03E-04 6.87E-05 3.99E-05    1.07E-04 1.03E-04 1.69E-04 2.45E-04 2.41E-04 2.81E-04 5.85E-04 5.78E-04
22Ne 1.36E-03 3.48E-04 5.51E-04 1.84E-03 3.00E-03 3.66E-03 4.28E-03    5.01E-03 5.01E-03 5.48E-03 5.48E-03 5.47E-03 5.64E-03 5.69E-03 5.68E-03
22Na 1.10E-07 4.11E-07 6.21E-07 2.02E-06 7.93E-07 2.34E-07 5.17E-07    4.41E-06 4.33E-06 4.41E-06 7.11E-06 7.01E-06 1.02E-05 2.07E-05 2.06E-05
23Na 1.14E-04 4.09E-04 6.38E-04 1.92E-03 5.93E-04 2.12E-04 3.35E-04    2.90E-03 2.86E-03 3.79E-03 5.33E-03 5.25E-03 7.00E-03 1.37E-02 1.36E-02
24Mg .5.47E-03 1.69E-02 2.17E-02 7.79E-02 5.15E-02 1.73E-02 3.05E-02   3.20E-01 3.36E-01 1.45E-01 3.45E-01 3.48E-01 7.75E-02 2.67E-01 3.27E-01
25Mg 2.12E-04 4.17E-04 6.01E-04 1.27E-03 1.15E-03 7.12E-04 7.92E-04    3.84E-03 3.79E-03 2.96E-03 4.63E-03 4.59E-03 2.86E-03 6.65E-03 6.68E-03
26Mg 1.69E-04 3.16E-04 5.13E-04 1.18E-03 1.23E-03 9.99E-04 1.21E-03    4.41E-03 4.35E-03 3.83E-03 5.53E-03 5.47E-03 3.75E-03 8.39E-03 8.34E-03
26Al 8.53E-06 1.65E-05 1.87E-05 6.51E-05 4.77E-05 1.03E-05 1.74E-05    1.44E-04 1.43E-04 9.29E-05 2.91E-04 2.89E-04 2.31E-05 2.47E-04 2.68E-04
27Al 2.37E-04 8.70E-04 1.09E-03 4.04E-03 2.84E-03 1.75E-03 3.03E-03    1.70E-02 1.76E-02 8.30E-03 1.92E-02 1.93E-02 4.78E-03 1.56E-02 1.83E-02
28Si 3.02E-02 6.50E-02 7.11E-02 1.27E-01 2.32E-01 3.26E-01 3.95E-01    7.20E-02 2.06E-01 2.44E-02 1.06E-01 3.56E-01 7.81E-03 2.68E-02 4.19E-01
29Si 1.56E-04 3.34E-04 4.16E-04 1.08E-03 1.18E-03 1.66E-03 2.24E-03    2.63E-03 3.29E-03 1.20E-03 3.41E-03 4.01E-03 4.19E-04 1.91E-03 3.56E-03
30Si 9.52E-05 3.98E-04 4.36E-04 1.39E-03 9.37E-04 1.05E-03 1.83E-03    3.98E-03 4.74E-03 1.56E-03 5.19E-03 5.51E-03 3.26E-04 1.78E-03 3.56E-03
31P 6.54E-05 1.67E-04 1.79E-04 4.42E-04 7.04E-04 1.35E-03 2.14E-03     9.96E-04 1.28E-03 4.03E-04 1.24E-03 1.54E-03 1.37E-04 4.60E-04 1.19E-03
32S 1.36E-02 3.15E-02 3.40E-02 4.80E-02 1.29E-01 1.84E-01 2.17E-01     2.82E-03 6.44E-02 1.80E-03 5.52E-03 1.47E-01 1.61E-03 2.03E-03 1.95E-01
33S 4.67E-05 9.60E-05 1.04E-04 1.83E-04 5.46E-04 1.08E-03 1.66E-03     5.43E-05 2.33E-04 1.74E-05 1.51E-04 3.73E-04 1.08E-05 2.57E-05 4.04E-04
34S 1.07E-04 1.97E-04 2.44E-04 5.36E-04 1.17E-03 3.81E-03 4.68E-03     1.91E-04 7.42E-04 7.52E-05 4.64E-04 1.19E-03 2.74E-05 7.85E-05 1.14E-03
35S 2.06E-07 3.56E-07 4.01E-07 6.64E-07 1.34E-06 3.49E-06 4.66E-06     7.08E-07 9.69E-07 3.19E-07 8.38E-07 1.18E-06 2.55E-07 5.86E-07 1.13E-06
36S 2.10E-07 2.56E-07 3.45E-07 5.57E-07 8.20E-07 1.02E-06 1.27E-06     1.58E-06 1.61E-06 1.64E-06 2.30E-06 2.30E-06 1.80E-06 3.48E-06 3.52E-06
35C1 1.90E-05 5.10E-05 4.23E-05 8.43E-05 3.93E-04 1.07E-03 1.90E-03    7.31E-05 1.45E-04 2.56E-05 1.00E-04 2.22E-04 8.55E-06 2.47E-05 2.04E-04
36Cl 1.53E-07 4.31E-07 4.19E-07 7.10E-07 3.40E-06 7.78E-06 1.16E-05    3.84E-07 1.09E-06 1.59E-07 5.59E-07 1.65E-06 9.64E-08 2.24E-07 1.78E-06
37Cl 1.80E-06 3.00E-06 4.26E-06 7.31E-06 1.27E-05 2.20E-05 3.07E-05    1.72E-05 1.74E-05 1.91E-05 2.36E-05 2.40E-05 2.20E-05 3.61E-05 3.66E-05
36Ar 2.88E-03 6.08E-03 6.63E-03 8.93E-03 2.50E-02 3.99E-02 5.07E-02    3.05E-04 1.24E-02 2.98E-04 4.58E-04 2.87E-02 3.25E-04 3.36E-04 3.81E-02
37Ar 2.67E-06 7.82E-06 5.68E-06 8.36E-06 6.58E-05 1.55E-04 2.65E-04    8.91E-07 1.17E-05 4.98E-07 2.14E-06 2.18E-05 3.31E-07 6.42E-07 2.32E-05
38Ar 3.94E-05 1.41E-04 1.04E-04 1.80E-04 1.07E-03 2.31E-03 3.22E-03    4.26E-05 2.52E-04 3.65E-05 6.55E-05 4.67E-04 3.67E-05 6.99E-05 4.66E-04
40Ar 1.16E-07 1.45E-07 2.05E-07 2.96E-07 3.58E-07 3.48E-07 3.92E-07    9.67E-07 9.52E-07 1.04E-06 1.47E-06 1.45E-06 1.16E-06 2.38E-06 2.36E-06
39K 1.73E-05 5.49E-05 3.44E-05 4.83E-05 3.58E-04 6.07E-04 1.25E-03     1.89E-05 7.27E-05 1.27E-05 2.48E-05 1.45E-04 1.05E-05 2.18E-05 1.56E-04
40K 2.09E-08 4.45E-08 5.99E-08 1.13E-07 8.16E-07 1.56E-06 3.24E-06     5.14E-07 5.38E-07 4.46E-07 6.67E-07 7.14E-07 4.59E-07 9.51E-07 1.00E-06
41K 1.85E-07 1.93E-07 2.36E-07 3.14E-07 4.04E-07 4.73E-07 6.34E-07     6.94E-07 6.91E-07 7.30E-07 9.05E-07 9.04E-07 8.31E-07 1.35E-06 1.35E-06
40Ca 2.84E-03 5.23E-03 5.90E-03 7.84E-03 1.87E-02 2.28E-02 2.17E-02    1.82E-04 1.14E-02 1.97E-04 2.04E-04 2.65E-02 2.19E-04 2.25E-04 3.45E-02
41Ca 1.43E-06 3.51E-06 2.40E-06 2.74E-06 2.85E-05 3.64E-05 6.70E-05    5.72E-07 4.09E-06 5.21E-07 7.04E-07 7.90E-06 4.86E-07 6.38E-07 8.60E-06
42Ca 1.99E-06 5.82E-06 3.60E-06 4.81E-06 4.10E-05 1.07E-04 1.77E-04    1.49E-06 7.13E-06 1.28E-06 2.03E-06 1.42E-05 1.27E-06 2.25E-06 1.37E-05
43Ca 3.34E-08 6.69E-08 7.09E-08 1.22E-07 5.99E-07 1.50E-06 2.69E-06    3.51E-07 5.11E-07 2.97E-07 4.61E-07 9.24E-07 2.99E-07 6.42E-07 1.78E-06
44Ca 4.45E-07 5.24E-07 6.63E-07 9.01E-07 1.18E-06 1.54E-06 2.21E-06    2.16E-06 2.14E-06 2.04E-06 2.60E-06 2.59E-06 2.15E-06 3.38E-06 3.38E-06
45Ca 1.01E-08 1.87E-08 2.81E-08 3.10E-08 3.78E-08 2.99E-08 2.31E-08    5.72E-08 5.64E-08 7.38E-08 1.09E-07 1.09E-07 9.07E-08 1.99E-07 1.98E-07
46Ca 8.80E-09 1.11E-08 1.50E-08 1.54E-08 1.43E-08 9.95E-09 4.53E-09    1.32E-08 1.29E-08 1.73E-08 2.79E-08 2.80E-08 2.00E-08 4.98E-08 4.96E-08
47Ca 3.12E-09 2.56E-09 3.10E-09 3.43E-09 1.99E-09 1.43E-09 2.54E-10    1.40E-10 1.38E-10 2.79E-10 4.75E-10 5.36E-10 2.91E-10 8.82E-10 9.15E-10
48Ca 2.75E-09 1.59E-09 1.74E-09 2.63E-09 1.65E-09 1.45E-09 1.30E-09    1.56E-09 1.56E-09 1.72E-09 1.77E-09 1.78E-09 1.93E-09 2.08E-09 2.09E-09
43Sc 5.14E-07 8.18E-07 5.25E-07 3.03E-07 4.87E-07 6.57E-07 1.00E-06    1.79E-09 1.60E-07 8.65E-10 2.68E-09 1.44E-06 2.42E-10 1.73E-09 6.49E-07
45Sc 6.81E-08 7.59E-08 1.02E-07 1.16E-07 3.54E-07 6.36E-07 2.27E-06    4.17E-07 1.94E-06 2.64E-07 4.83E-07 6.91E-07 1.86E-07 4.49E-07 1.02E-06
44Ti 6.30E-05 5.53E-05 5.49E-05 3.02E-05 2.43E-05 2.46E-05 1.03E-04    1.00E-08 5.14E-05 1.77E-09 2.26E-08 2.13E-04 3.57E-11 5.45E-09 2.27E-04
45Ti 1.62E-06 1.79E-06 2.73E-06 1.62E-06 7.91E-07 6.60E-07 1.58E-06    1.46E-09 5.33E-07 3.13E-10 2.70E-09 1.32E-06 4.29E-11 1.24E-09 3.44E-07
46Ti 2.85E-06 5.16E-06 2.67E-06 2.34E-06 9.56E-06 1.74E-05 2.58E-05    7.82E-07 3.17E-06 5.12E-07 1.09E-06 6.31E-06 4.02E-07 8.52E-07 6.11E-06
47Ti 1.68E-07 2.37E-07 2.02E-07 1.93E-07 5.22E-07 8.74E-07 2.16E-06    2.99E-07 8.68E-07 2.16E-07 4.04E-07 2.66E-06 1.89E-07 4.21E-07 4.19E-06
48Ti 1.49E-06 1.62E-06 1.85E-06 2.18E-06 2.46E-06 2.78E-06 3.37E-06    3.53E-06 3.69E-06 3.77E-06 3.97E-06 4.00E-06 4.15E-06 4.45E-06 5.35E-06
49Ti 8.16E-08 9.49E-08 1.26E-07 1.84E-07 2.42E-07 2.51E-07 3.03E-07    5.55E-07 5.52E-07 5.71E-07 7.27E-07 7.22E-07 6.21E-07 1.00E-06 1.00E-06
50Ti 3.28E-08 6.57E-08 1.09E-07 2.08E-07 3.14E-07 2.63E-07 3.25E-07    1.10E-06 1.08E-06 9.28E-07 1.50E-06 1.49E-06 8.74E-07 1.92E-06 1.92E-06
47V 8.54E-07 1.27E-06 1.08E-06 6.74E-07 5.46E-07 5.64E-07 5.13E-07    1.32E-09 1.86E-07 3.62E-10 2.64E-09 1.47E-06 2.34E-11 1.56E-09 1.02E-07 
48V 7.81E-07 7.91E-07 7.92E-07 8.53E-07 2.40E-06 3.61E-06 2.54E-05    5.32E-09 2.26E-05 1.47E-09 8.80E-09 1.47E-05 2.12E-10 3.83E-09 1.37E-04 
49V 5.97E-07 1.13E-06 7.29E-07 9.86E-07 1.73E-06 2.51E-06 4.60E-06    1.40E-07 3.48E-06 6.50E-08 2.02E-07 8.78E-06 1.74E-08 9.08E-08 2.45E-05 
50V 9.71E-10 1.90E-08 3.97E-09 1.01E-08 2.28E-08 2.40E-08 3.30E-08    6.73E-08 6.97E-08 3.77E-08 8.29E-08 8.87E-08 1.78E-08 5.98E-08 7.13E-08 
51V 8.01E-08 9.43E-08 1.08E-07 1.38E-07 1.62E-07 1.72E-07 2.08E-07    3.14E-07 3.38E-07 2.86E-07 3.92E-07 3.97E-07 2.81E-07 4.15E-07 6.81E-07 
48Cr 1.55E-04 1.60E-04 1.66E-04 1.50E-04 1.99E-04 2.28E-04 3.01E-04    2.27E-10 2.01E-04 1.19E-11 3.51E-10 7.19E-04 2.96E-13 2.10E-10 6.53E-04
49Cr 3.96E-06 8.34E-06 5.19E-06 6.00E-06 8.45E-06 9.62E-06 7.46E-06    2.54E-10 4.48E-06 1.29E-11 4.86E-10 1.56E-05 6.77E-13 2.31E-10 3.46E-06
50Cr 3.16E-06 6.64E-05 8.40E-06 1.77E-05 2.81E-05 3.24E-05 3.05E-05    1.77E-07 1.48E-05 1.47E-07 3.33E-07 3.79E-05 1.50E-07 1.72E-07 5.44E-05
51Cr 7.35E-07 2.70E-06 1.45E-06 2.55E-06 4.52E-06 6.16E-06 7.07E-06    3.35E-08 7.21E-06 1.16E-08 9.13E-08 1.48E-05 2.07E-09 1.86E-08 5.18E-05
52Cr 1.09E-05 1.65E-05 1.36E-05 1.65E-05 1.80E-05 1.98E-05 2.36E-05    2.40E-05 3.08E-05 2.62E-05 2.67E-05 2.83E-05 2.92E-05 2.97E-05 9.08E-05
53Cr 6.01E-07 6.67E-07 7.52E-07 9.25E-07 1.00E-06 1.08E-06 1.23E-06    1.49E-06 1.49E-06 1.64E-06 1.70E-06 1.71E-06 1.82E-06 1.94E-06 1.95E-06
54Cr 1.24E-07 2.53E-07 3.49E-07 6.55E-07 7.72E-07 5.85E-07 6.55E-07    2.05E-06 2.02E-06 1.69E-06 2.53E-06 2.52E-06 1.72E-06 3.39E-06 3.38E-06
51Mn 4.60E-06 1.71E-05 9.87E-06 1.55E-05 2.40E-05 2.64E-05 1.90E-05    2.01E-10 1.06E-05 1.52E-11 4.02E-10 3.36E-05 3.07E-12 1.91E-10 6.30E-06
52Mn 1.35E-05 1.83E-05 2.12E-05 3.18E-05 6.07E-05 8.61E-05 1.50E-04    2.49E-09 3.65E-04 1.95E-10 5.34E-09 2.79E-04 2.82E-11 1.88E-09 3.22E-03
53Mn 2.57E-05 7.15E-05 4.35E-05 6.72E-05 1.04E-04 1.40E-04 1.34E-04    3.67E-08 1.18E-04 1.18E-08 7.66E-08 3.40E-04 2.29E-09 1.89E-08 4.66E-04
54Mn 1.02E-07 2.36E-06 3.86E-07 8.05E-07 1.06E-06 1.18E-06 9.94E-07    3.67E-08 5.74E-07 1.38E-08 5.19E-08 1.35E-06 1.91E-09 2.43E-08 1.91E-06
55Mn 2.33E-06 2.57E-06 2.90E-06 3.45E-06 3.67E-06 3.87E-06 4.35E-06    5.43E-06 5.44E-06 5.72E-06 5.98E-06 6.00E-06 6.26E-06 6.65E-06 6.74E-06
52Fe 9.44E-04 1.36E-03 1.51E-03 2.02E-03 3.35E-03 3.95E-03 3.06E-03    1.01E-11 2.43E-03 2.77E-13 1.67E-11 7.49E-03 2.58E-14 7.65E-12 5.45E-03
53Fe 2.32E-05 7.80E-05 4.73E-05 6.20E-05 9.06E-05 8.97E-05 4.98E-05    1.43E-11 2.49E-05 7.95E-13 3.14E-11 6.56E-05 3.83E-13 7.51E-12 5.07E-06
54Fe 3.55E-04 5.63E-03 1.00E-03 1.88E-03 2.46E-03 2.85E-03 2.30E-03    1.13E-05 1.58E-03 1,24E-05 1.25E-05 4.25E-03 1.38E-05 1.38E-05 6.26E-03
55Fe 2.29E-05 6.74E-05 3.10E-05 2.83E-05 3.77E-05 4.42E-05 7.72E-05    1.81E-07 7.96E-05 2.29E-07 4.01E-07 1.12E-04 2.65E-07 3.15E-07 5.04E-04
56Fe 6.97E-04 8.03E-04 8.56E-04 1.01E-03 1.08E-03 1.17E-03 1.33E-03    1.51E-03 1.53E-03 1.66E-03 1.67E-03 1.69E-03 1.85E-03 1.86E-03 1.92E-03
57Fe 2.32E-05 2.62E-05 3.00E-05 4.00E-05 4.36E-05 4.65E-05 5.37E-05    6.49E-05 6.53E-05 7.45E-05 7.85E-05 7.89E-05 8.42E-05 9.09E-05 9.20E-05
58Fe 4.75E-06 1.05E-05 1.32E-05 2.63E-05 2.74E-05 2.07E-05 2.26E-05    5.98E-05 5.92E-05 4.75E-05 7.12E-05 7.15E-05 4.96E-05 9.12E-05 9.20E-05
59Fe 1.67E-06 4.16E-06 4.60E-06 5.70E-06 5.78E-06 4.22E-06 2.05E-06    8.54E-07 8.77E-07 1.56E-06 2.32E-06 2.81E-06 3.21E-06 6.17E-06 6.50E-06
60Fe 1.89E-06 2.93E-06 3.05E-06 3.51E-06 2.81E-06 1.83E-06 3.91E-07    8.70E-08 8.68E-08 2.49E-07 4.19E-07 5.48E-07 3.49E-07 7.96E-07 8.82E-07
55Co 3.44E-04 7.92E-04 5.51E-04 5.81E-04 6.96E-04 7.66E-04 7.14E-04    3.30E-10 5.05E-04 1.25E-10 4.48E-10 1.74E-03 9.00E-11 3.05E-10 1.73E-03
56Co 3.07E-04 3.50E-04 3.30E-04 2.44E-04 4.43E-04 5.84E-04 3.21E-03    9.56E-09 4.95E-03 4.46E-09 1.18E-08 2.54E-03 3.26E-09 9.39E-09 2.23E-02
57Co 4.41E-05 6.05E-05 2.51E-05 1.44E-05 3.32E-05 4.73E-05 3.87E-04    5.51E-07 4.87E-04 1.54E-07 7.86E-07 3.44E-04 2.25E-08 2.69E-07 2.23E-03
58Co 5.62E-06 8.77E-06 2.06E-06 9.01E-07 3.87E-07 3.89E-07 9.70E-07    2.69E-07 4.93E-07 7.02E-08 4.15E-07 1.15E-05 1.43E-08 1.52E-07 1.11E-05
59Co 1.61E-06 2.83E-06 4.13E-06 8.11E-06 7.87E-06 6.89E-06 8.96E-06    2.59E-05 2.59E-05 1.75E-05 2.91E-05 2.88E-05 1.58E-05 3.22E-05 3.33E-05
60Co 3.28E-07 4.03E-07 5.77E-07 9.88E-07 1.65E-06 8.66E-07 7.64E-07    2.07E-06 2.04E-06 1.85E-06 3.18E-06 3.14E-06 2.67E-06 6.25E-06 6.22E-06
61Co 7.31E-07 6.41E-07 7.55E-07 1.26E-06 6.08E-07 3.54E-07 1.29E-07    6.55E-08 6.75E-08 1.12E-07 2.44E-07 2.64E-07 8.66E-08 3.35E-07 3.60E-07
56Ni 1.77E-01 1.80E-01 1.95E-01 1.37E-01 1.22E-01 1.24E-01 2.03E-01    2.64E-11 1.82E-01 3.07E-12 3.62E-11 6.10E-01 3.36E-13 9.85E-12 6.72E-01
57Ni 7.02E-03 7.35E-03 5.77E-03 3.26E-03 2.04E-03 1.86E-03 4.82E-03    2.26E-10 3.68E-03 3.09E-11 7.49E-10 1.61E-02 1.50E-11 8.30E-11 1.54E-02
58Ni 8.26E-03 1.32E-02 3.81E-03 1.53E-03 4.84E-04 5.00E-04 1.61E-03    2.44E-05 5.40E-04 2.66E-05 2.75E-05 1.49E-02 2.96E-05 2.96E-05 1.55E-02
59Ni 3.67E-04 4.85E-04 2.96E-04 1.39E-04 3.90E-05 3.13E-05 1.95E-04    9.63E-07 7.74E-05 5.44E-07 2.15E-06 8.80E-04 4.78E-07 6.85E-07 9.75E-04
60Ni 6.72E-04 4.28E-04 4.27E-04 2.52E-04 5.13E-04 5.48E-04 4.06E-03    6.50E-05 4.12E-03 5.70E-05 7.95E-05 8.61E-03 5.87E-05 7.95E-05 1.50E-02
61Ni 7.51E-06 7.01E-06 6.64E-06 7.27E-06 1.58E-05 1.71E-05 1.48E-04    1.91E-05 1.56E-04 1.38E-05 2.21E-05 1.32E-04 1.32E-05 2.65E-05 5.92E-04
62Ni 7.11E-06 9.65E-06 1.02E-05 1.44E-05 2.27E-05 3.61E-05 1.84E-04    4.63E-05 1.34E-04 3.25E-05 6.07E-05 3.95E-04 2.88E-05 5.85E-05 1.14E-03
63Ni 8.95E-07 1.35E-06 2.55E-06 3.43E-06 4.21E-06 2.29E-06 1.93E-06    9.11E-06 8.97E-06 7.68E-06 1.18E-05 1.17E-05 9.20E-06 2.10E-05 2.09E-05
64Ni 1.39E-06 2.40E-06 5.07E-06 9.03E-06 1.62E-05 1.36E-05 1.80E-05    6.59E-05 6.49E-05 5.14E-05 8.59E-05 8.46E-05 4.76E-05 1.09E-04 1.09E-04
65Ni 4.36E-07 4.38E-07 7.78E-07 6.44E-07 4.98E-07 4.35E-07 2.00E-07    1.45E-07 1.42E-07 1.76E-07 2.90E-07 3.11E-07 2.04E-07 5.35E-07 5.53E-07
60Cu 3.89E-03 3.08E-03 3.47E-03 1.95E-03 8.30E-04 5.53E-04 8.51E-04    1.10E-09 1.16E-07 4.27E-10 1.39E-09 5.12E-03 2.48E-10 9.26E-10 2.26E-07
61Cu 2.87E-04 2.76E-04 2.34E-04 1.20E-04 5.05E-05 3.42E-05 1.20E-04    1.12E-08 4.60E-05 4.02E-09 1.47E-08 6.03E-04 1.18E-09 9.28E-09 1.83E-04
62Cu 1.09E-05 1.38E-05 5.13E-06 1.99E-06 7.51E-07 5.93E-07 5.65E-06    8.75E-09 2.33E-06 1.43E-09 1.44E-08 3.67E-05 4.19E-10 6.66E-09 2.91E-05
63Cu 1.71E-06 1.72E-06 1.57E-06 2.08E-06 3.18E-06 3.60E-06 1.30E-05    7.22E-06 1.45E-05 5.04E-06 8.84E-06 3.09E-05 4.61E-06 9.30E-06 5.11E-05
64Cu 2.07E-08 6.57E-08 1.10E-07 2.90E-07 5.40E-07 2.00E-07 2.98E-07    1.07E-06 1.08E-06 6.41E-07 1.62E-06 1.62E-06 3.02E-07 1.27E-06 1.53E-06
65Cu 2.55E-07 5.06E-07 1.28E-06 2.63E-06 4.61E-06 5.71E-06 8.18E-06    2.02E-05 2.03E-05 1.53E-05 2.74E-05 2.71E-05 1.41E-05 3.19E-05 3.33E-05
66Cu 2.38E-08 3.04E-08 5.44E-08 9.20E-08 1.13E-07 8.33E-08 2.84E-08    3.05E-08 2.42E-08 3.25E-08 6.32E-08 6.55E-08 2.75E-08 7.10E-08 8.44E-08
60Zn 6.13E-04 6.67E-04 9.25E-04 5.78E-04 7.47E-05 1.69E-05 7.72E-06    9.16E-16 6.71E-12 2.13E-16 8.62E-16 2.95E-06 7.21E-17 3.67E-16 3.24E-14
61Zn 1.63E-05 1.68E-05 1.94E-05 1.17E-05 6.72E-07 7.65E-08 1.99E-08    9.41E-16 7.22E-15 2.55E-16 1.10E-15 1.87E-09 3.41E-17 1.85E-16 3.79E-16
62Zn 1.47E-03 1.91E-03 8.00E-04 3.27E-04 6.99E-05 4.70E-05 3.32E-04    1.05E-09 1.29E-04 2.50E-10 1.27E-09 2.15E-03 1.55E-10 9.07E-10 1.62E-03
63Zn 1.19E-05 1.19E-05 9.06E-06 4.79E-06 1.58E-06 9.93E-07 2.40E-06    2.36E-09 1.12E-08 7.73E-10 3.65E-09 1.41E-05 5.19E-10 2.35E-09 3.88E-08
64Zn 5.15E-05 1.68E-05 2.49E-05 1.69E-05 2.26E-05 2.32E-05 8.05E-05    7.07E-06 9.97E-05 5.29E-06 1.04E-05 1.38E-04 5.37E-06 1.00E-05 1.43E-04
65Zn 3.74E-07 3.80E-07 4.25E-07 4.69E-07 6.78E-07 8.43E-07 2.32E-06    1.88E-06 2.92E-06 1.13E-06 2.90E-06 4.99E-06 1.09E-06 2.81E-06 6.59E-06
66Zn 6.53E-07 1.12E-06 2.78E-06 4.82E-06 9.33E-06 2.08E-05 3.21E-05    3.17E-05 3.73E-05 2.40E-05 4.93E-05 5.24E-05 2.20E-05 5.05E-05 7.52E-05
67Zn 8.22E-08 1.54E-07 4.50E-07 7.91E-07 1.69E-06 1.19E-06 1.54E-06    8.18E-06 8.04E-06 6.81E-06 1.11E-05 1.09E-05 6.67E-06 1.57E-05 1.56E-05
68Zn 4.32E-07 7.91E-07 2.14E-06 3.94E-06 1.03E-05 1.26E-05 1.74E-05    4.63E-05 4.64E-05 3.99E-05 7.04E-05 6.96E-05 3.58E-05 8.39E-05 8.66E-05
69Zn 1.01E-07 9.20E-08 1.95E-07 2.17E-07 2.87E-07 3.32E-07 1.88E-07    1.64E-07 1.59E-07 2.14E-07 3.80E-07 3.94E-07 2.38E-07 7.25E-07 7.50E-07
64Ga 1.23E-05 6.49E-06 1.19E-05 8.24E-06 2.40E-06 5.83E-07 5.15E-07    7.57E-12 1.16E-11 3.45E-12 8.57E-12 9.89E-08 2.10E-12 6.28E-12 8.40E-12
65Ga 8.31E-07 7.89E-07 6.26E-07 3.17E-07 1.23E-07 7.37E-08 2.12E-07    1.33E-10 1.65E-10 5.51E-11 1.90E-10 4.05E-07 3.32E-11 1.34E-10 2.08E-10
66Ga 1.15E-06 1.29E-06 5.51E-07 2.14E-07 4.12E-07 3.94E-07 7.45E-06    2.95E-09 4.69E-06 1.20E-09 4.40E-09 1.56E-05 6.53E-10 3.33E-09 3.43E-05
67Ga 1.20E-08 1.77E-08 2.12E-08 3.60E-08 5.64E-08 3.68E-08 9.00E-08    2.02E-07 2.13E-07 6.94E-08 2.99E-07 3.86E-07 8.06E-09 1.52E-07 3.39E-07
68Ga 8.29E-10 2.49E-09 7.79E-09 1.43E-08 2.08E-08 1.31E-08 1.94E-08    5.66E-08 6.09E-08 2.57E-08 1.17E-07 1.21E-07 4.65E-09 6.41E-08 1.06E-07
69Ga 5.06E-08 1.22E-07 4.06E-07 6.73E-07 1.35E-06 3.32E-06 5.35E-06    6.28E-06 6.74E-06 5.21E-06 1.08E-05 1.08E-05 5.16E-06 1.18E-05 1.42E-05
70Ga 1.48E-08 2.47E-08 6.00E-08 6.71E-08 1.48E-07 1.69E-07 1.36E-07    1.61E-07 1.62E-07 2.41E-07 6.09E-07 6.27E-07 1.55E-07 7.12E-07 7.93E-07
64Ge 6.50E-07 4.35E-07 1.02E-06 8.06E-07 4.70E-08 2.56E-09 4.38E-10    1.69E-18 3.73E-18 4.45E-19 1.89E-18 5.28E-12 1.60E-19 8.14E-19 1.29E-18
65Ge 3.89E-09 4.73E-10 7.76E-10 4.51E-10 1.41E-12 7.75E-15 1.51E-16    5.15E-22 1.95E-21 1.14E-22 8.74E-22 3.70E-20 3.02E-23 2.80E-22 5.43E-22
66Ge 3.11E-05 3.70E-05 1.83E-05 7.66E-06 1.57E-06 9.01E-07 4.41E-06    6.49E-12 9.68E-07 1.01E-12 8.34E-12 3.21E-05 8.18E-14 3.91E-12 6.77E-06
67Ge 3.22E-08 4.25E-08 1.46E-08 5.30E-09 9.80E-10 5.13E-10 1.48E-09    1.62E-11 2.16E-11 2.77E-12 2.45E-11 6.60E-09 1.90E-13 7.67E-12 2.88E-11
68Ge 1.57E-08 1.70E-08 1.37E-08 1.86E-08 2.03E-08 1.52E-08 2.73E-08    1.86E-08 3.99E-08 1.13E-09 5.37E-08 9.45E-08 2.98E-10 8.92E-09 1.48E-07
69Ge 1.10E-09 1.73E-09 5.17E-09 9.22E-09 1.88E-08 6.54E-08 9.11E-08    2.46E-08 3.60E-08 7.72E-09 6.01E-08 5.92E-08 3.83E-09 2.12E-08 7.12E-08
70Ge 1.81E-07 3.56E-07 9.73E-07 1.91E-06 3.83E-06 1.48E-05 2.42E-05    1.17E-05 1.49E-05 8.45E-06 2.58E-05 2.63E-05 6.50E-06 1.64E-05 2.87E-05
71Ge 2.34E-07 4.76E-07 1.20E-06 3.18E-06 6.76E-06 6.08E-06 8.20E-06    4.04E-05 3.97E-05 4.00E-05 6.63E-05 6.52E-05 3.75E-05 8.79E-05 8.74E-05
m_ej 10.7 11.8 13.6 16.4 18.1 20.0 23.1 
