12A 13A 15A 18A 20A 22A 25A 25B 30A 30B 35A 35B 35C 40A 40B 40C
6.39 6.83 7.69 8.85 9.56 10.2 11.4 11.4 12.8 12.8 14.2 14.3 14.3 15.0 15.2 15.2
4.08 4.42 4.90 5.70 6.32 7.10 7.33 7.82 9.11 9.30 8.17 10.6 10.7 8.63 12.0 12.0
1.14E-05 1.00E-05 9.94E-06 8.57E-06 7.29E-06 7.29E-06 7.29E-06 7.29E-06 7.30E-06 7.30E-06 7.50E-06 7.49E-06 7.49E-06 7.47E-06 7.47E-06 7.47E-06 
7.39E-05 7.80E-05 8.12E-05 8.78E-05 9.37E-05 9.63E-05 1.02E-04 1.02E-04 1.12E-04 1.12E-04 1.24E-04 1.24E-04 1.23E-04 1.31E-04 1.32E-04 1.32E-04 
1.00E-07 8.14E-08 1.10E-08 1.88E-09 1.05E-09 2.43E-08 5.64E-09 1.57E-09 1.33E-07 6.08E-08 7.58E-11 5.82E-10 5.10E-10 6.72E-11 2.34E-10 2.11E-10 
1.59E-07 2.89E-07 1.14E-06 1.95E-06 2.88E-06 1.24E-06 2.27E-06 2.97E-06 8.49E-07 1.21E-06 2.21E-06 5.51E-06 6.08E-06 3.08E-07 6.78E-06 7.40E-06 
5.35E-13 9.92E-13 8.33E-14 1.13E-15 5.18E-16 4.62E-14 1.61E-16 7.87E-14 3.38E-14 3.52E-14 5.10E-24 1.22E-14 3.54E-14 1.50E-21 1.12E-16 5.09E-14 
1.42E-12 3.33E-12 6.82E-12 2.69E-11 2.68E-11 1.23E-11 6.92E-12 2.32E-11 6.07E-12 1.28E-11 4.73E-18 1.36E-11 1.82E-11 1.13E-17 5.86E-12 1.29E-11 
1.84E-07 3.87E-07 5.02E-07 9.16E-08 8.80E-08 4.99E-07 1.57E-07 1.09E-06 2.20E-07 5.34E-07 2.84E-13 2.73E-07 5.57E-07 1.84E-15 8.76E-08 9.29E-07 
3.05E-08 2.80E-08 4.45E-08 1.28E-08 1.14E-08 1.21E-07 9.96E-09 3.38E-07 8.08E-09 1.18E-07 5.13E-14 4.53E-08 1.55E-07 3.16E-16 1.06E-08 2.97E-07 
4.30E-02 6.84E-02 1.45E-01 1.10E-01 8.98E-02 2.77E-01 8.31E-02 4.23E-01 1.09E-01 3.48E-01 9.79E-10 3.49E-01 4.04E-01 5.89E-10 2.85E-01 4.82E-01 
8.36E-05 6.25E-06 9.89E-06 4.79E-06 4.58E-06 2.44E-05 2.23E-05 3.97E-05 9.28E-05 1.13E-04 2.72E-10 2.27E-05 2.56E-05 1.84E-10 7.38E-06 1.64E-05 
1.80E-05 2.89E-07 4.11E-07 4.36E-07 4.04E-07 3.90E-07 7.53E-07 1.55E-06 6.66E-06 7.15E-06 2.17E-13 3.68E-06 3.82E-06 1.77E-13 4.30E-07 5.71E-07 
2.18E-06 2.37E-06 3.63E-06 1.93E-06 1.68E-06 1.10E-05 2.17E-04 2.08E-04 3.61E-03 3.53E-03 2.03E-08 8.64E-06 7.67E-06 2.65E-08 3.20E-06 6.81E-06 
3.23E-06 7.63E-06 2.10E-05 2.05E-07 8.09E-08 7.29E-05 2.23E-05 1.21E-04 3.65E-05 2.15E-04 9.72E-10 5.43E-05 1.82E-04 9.39E-11 2.97E-06 1.77E-04 
6.67E-02 1.37E-01 4.00E-01 3.00E-02 9.21E-03 1.85 9.67E-03 2.33 2.65E-02 4.35 2.79E-10 1.92 5.58 3.82E-10 5.78E-01 7.26 		     
1.02E-06 4.75E-08 1.62E-07 1.08E-09 6.71E-10 2.49E-07 5.24E-07 7.32E-07 5.80E-05 5.80E-05 2.92E-11 2.17E-07 2.74E-07 3.67E-11 5.38E-09 1.73E-07 
5.07E-08 4.80E-08 8.99E-08 7.39E-08 6.15E-08 1.97E-07 8.54E-08 1.53E-07 6.46E-07 7.25E-07 1.59E-13 6.00E-07 6.20E-07 4.08E-14 1.21E-07 1.81E-07 
2.21E-07 4.17E-06 1.51E-05 1.88E-08 4.75E-09 8.36E-05 3.03E-07 5.68E-05 2.47E-06 9.34E-05 8.13E-16 3.62E-05 1.12E-04 1.20E-15 5.61E-07 1.25E-04 
 2.55E-03 3.04E-02 9.28E-02 7.71E-04 2.11E-04 5.57E-01 1.30E-07 5.10E-01 2.58E-06 1.04 1.11E-12 3.76E-01 1.22 1.53E-12 1.10E-02 1.58 	     
 1.07E-05 6.88E-06 2.24E-05 1.29E-06 8.66E-07 1.71E-04 5.13E-09 1.57E-04 9.21E-08 1.82E-04 1.01E-16 1.02E-04 3.14E-04 8.40E-17 3.04E-06 4.54E-04 
 4.97E-05 1.44E-06 3.91E-06 1.37E-07 1.91E-07 4.10E-05 4.44E-07 4.08E-05 1.99E-06 4.08E-05 2.58E-13 4.03E-05 8.54E-05 4.22E-13 1.77E-06 1.12E-04 
 5.25E-08 3.03E-07 9.49E-07 1.09E-09 9.49E-10 8.19E-06 9.35E-13 1.22E-05 9.08E-10 1.44E-05 3.29E-16 8.16E-06 2.25E-05 6.27E-16 2.20E-09 3.79E-05 
 9.83E-06 1.90E-04 5.68E-04 9.57E-10 1.01E-09 3.90E-03 1.04E-08 2.85E-03 5.04E-08 3.88E-03 4.02E-13 1.86E-03 5.27E-03 6.37E-13 1.07E-07 7.82E-03 
 3.84E-03 1.49E-02 3.34E-02 4.76E-06 2.00E-06 9.31E-02 7.08E-09 9.25E-02 3.15E-08 2.45E-01 2.28E-13 4.73E-02 2.35E-01 3.32E-13 2.84E-04 2.77E-01 
 1.56E-05 9.09E-05 3.09E-04 3.68E-08 3.62E-08 1.00E-03 3.81E-09 6.62E-04 1.89E-08 1.80E-03 2.20E-15 5.27E-04 1.88E-03 9.78E-16 3.48E-06 2.19E-03 
 2.09E-05 8.93E-05 3.73E-04 6.22E-09 3.02E-09 1.01E-03 4.52E-08 6.06E-04 5.40E-07 1.79E-03 2.73E-16 5.12E-04 1.83E-03 3.09E-16 1.80E-06 2.08E-03 
 2.82E-06 1.11E-05 2.58E-05 3.79E-11 5.70E-11 3.42E-05 3.38E-13 6.89E-05 6.24E-11 5.92E-05 7.38E-15 6.32E-06 9.51E-05 8.12E-15 1.32E-09 1.50E-04 
 7.19E-05 5.55E-04 1.31E-03 1.47E-10 1.09E-10 2.43E-03 8.73E-10 1.88E-03 1.18E-08 5.88E-03 9.62E-14 8.74E-04 5.08E-03 1.43E-13 1.4611-08 5.66E-03
 2.49E-02 3.37E-02 6.81E-02 2.50E-09 1.58E-09 1.65E-01 1.54E-09 2.31E-01 1.56E-08 1.23E-01 6.65E-10 1.69E-03 2.09E-01 6.11E-10 2.55E-08 3.42E-01 
 7.92E-05 1.95E-04 4.03E-04 6.70E-11 8.00E-11 3.93E-04 3.69E-10 6.60E-04 5.46E-09 8.02E-04 1.91E-12 4.89E-05 1.02E-03 1.80E-12 1.62E-09 1.31E-03 
 9.27E-05 2.45E-04 4.33E-04 2.28E-10 3.10E-10 2.20E-04 8.24E-10 3.11E-04 1.37E-08 6.27E-04 3.65E-10 3.11E-05 5.60E-04 4.16E-10 1.77E-09 6.39E-04 
4.16E-05 7.91E-05 1.62E-04 8.34E-11 1.10E-10 3.51E-04 1.43E-09 3.23E-04  3.43E-08 2.58E-04 2.19E-14 5.91E-06 3.12E-04 2.33E-14 9.86E-10 4.34E-04 
8.52E-03 1.34E-02 2.58E-02 8.48E-12 1.08E-11 1.09E-01 1.26E-10 1.06E-01  7.74E-09 4.56E-02 1.17E-13 2.55E-06 8.96E-02 1.41E-13 1.79E-10 1.62E-01 
2.54E-05 4.03E-05 9.02E-05 2.66E-13 3.48E-13 2.87E-04 1.62E-11 2.23E-04  3.33E-10 1.32E-04 1.25E-13 4.05E-08 2.04E-04 1.47E-13 3.67E-12 2.69E-04 
1.15E-04 1.06E-04 2.26E-04 4.94E-11 5.66E-11 4.54E-04 3.84E-10 5.19E-04  5.38E-09 1.36E-04 1.16E-13 1.94E-07 2.21E-04 1.34E-13 9.13E-11 3.05E-04 
1.29E-07 4.65E-08 1.05E-07 1.04E-11 1.52E-11 2.65E-07 2.25E-10 2.49E-07  1.98E-09 1.08E-07 1.18E-16 6.81E-09 1.57E-07 8.18E-17 6.07E-12 2.13E-07 
8.96E-07 5.45E-09 1.10E-08 5.95E-11 2.10E-11 1.08E-08 1.54E-09 1.27E-08  5.02E-08 5.93E-08 8.81E-19 4.02E-08 4.73E-08 3.61E-19 1.58E-10 8.90E-09 
 9.82E-06 1.17E-05 3.47E-05 4.57E-13 6.40E-13 2.01E-04 2.06E-11 1.05E-04 1.66E-09 3.56E-05 9.07E-13 2.07E-08 5.80E-05 1.05E-12 4.14E-12 8.80E-05 
 7.92E-08 1.25E-07 2.93E-07 1.61E-14 2.14E-14 1.71E-06 8.42E-13 9.00E-07 7.95E-11 3.87E-07 6.97E-16 1.09E-10 6.37E-07 4.82E-16 1.67E-13 9.74E-07 
 1.79E-07 3.09E-08 1.34E-07 5.68E-10 7.21E-10 9.31E-07 1.83E-10 3.81E-07 5.94E-09 1.34E47 8.86E-16 5.75E-09 2.25E-07 4.33E-16 1.95E-09 2.69E-07  
 1.56E-03 2.91E-03 4.81E-03 1.76E-09 2.44E-09 2.40E-02 3.27E-09 2.00E-02 4.72E-09 9.04E-03 5.52E-09 8.21E-09 1.82E-02 6.21E-09 9.50E-09 3.27E-02 
 1.92E-06 8.27E-07 4.35E-06 3.35E-12 4.44E-12 4.90E-05 5.27E-13 1.50E-05 2.11E-13 6.49E-06 2.81E-13 1.81E-11 1.13E-05 1.941.,-13 1.19E-11 1.48E-0
 3.72E-05 7.92E-06 7.13E-05 2.17E-10 1.69E-10 9.89E-04 1.50E-10 2.67E-04 4.92E-09 4.50E-05 2.27E-17 4.81E-09 7.72E-05 5.51E-18 5.71E-10 1.20E-04 
 5.21E-08 4.80E-11 1.03E-10 4.23E-12 5.62E-12 1.03E-09 1.08E-10 4.91E-10 3.13E-09 3.58E-09 3.39E-26 2.17E-09 2.37E-09 1.12E-26 6.40E-11 4.60E-10 
1.20E-05 1.18E-05 2.44E-05 6.34E-12 8.27E-12 3.37E-04 4.45E-14 7.71E-05 5.85E-13 3.14E-05 1.50E-18 5.50E-10 4.78E-05 1.31E-18 6.86E-11 7.21E-05
3.63E-09 1.06E-09 1.13E-08 7.00E-13 9.24E-13 1.67E-07 5.01E-15 4.01E-08 6.09E-14 1.16E-08 1.72E-22 2.87E-11 1.92E-08 1.10E-22 7.38E-12 2.51E-08 
6.23E-08 1.28E-10 1.01E-09 4.25E-12 9.84E-13 1.86E-08 1.40E-11 4.06E-09 3.50E-10 1.71E-09 8.90E-26 3.91E-10 2.60E-09 3.33E-26 1.29E-11 2.64E-09 
 1.42E-03 3.01E-03 4.19E-03 1.53E-16 1.67E-16 2.37E-02 1.15E-16 1.75E-02 1.38E-15 8.59E-03 1.17E-17 2.64E-11 1.75E-02 1.17E-17 1.30E-15 3.08E-02 
 1.04E-06 1.14E-06 1.63E-06 1.05E-17 9.33E-18 2.38E--05 4.27E-16 4.75E-06 7.01E-15 2.64E-06 7.72E-22 2.55E-12 4.22E-06 4.36E-22 1.04E-15 5.51E-06 
 2.09E-06 1.21E-06 2.52E-06 3.56E-13 3.54E-13 4.44E-05 2.55E-11 6.77E-06 5.23E-10 2.13E-06 8.52E-26 4.70E-10 2.58E-06 2.72E-26 1.74E-11 3.87E-06 
 5.04E-08 1.79E-07 2.13E-07 1.03E-13 8.72E-14 3.70E-07 6.78E-12 2.03E-07 1.55E-10 3.90E-07 4.04E-26 1.14E-10 7.57E-07 9.38E-27 5.35E-12 2.19E-07 
 1.35E-08 2.58E-09 4.78E-09 3.62E-13 2.24E-13 1.17E-08 3.97E-11 4.74E-09 9.66E-10 8.68E-09 1.58E-27 6.02E-10 1.11E-08 3.38E-28 3.43E-11 4.00E-09 
 5.87E-09 1.99E-12 2.42E-12 8.03E-14 5.24E-14 3.31E-11 2.34E-11 4.11E-11 4.35E-10 4.73E-10 1.67E-31 3.29E-10 3.23E-10 2.05E-32 4.91E-13 1.47E-11 
 1.47E-08 6.33E-14. 2.06E-13 3.57E-14 4.32E-14 1.03E-11 6.72E-11 9.54E-11 1.40E-09 1.48E-09 1.51E-33 8.73E-10 8.48E-10 1.20E-34 8.49E-14 3.45E-12 
 7.05E-09 5.04E-15 5.21E-15 7.75E-15 1.37E-14 3.04E-13 1.20E-11 2.34E-11 4.37E-11 6.24E-11 6.30E-38 4.42E-10 4.37E-10 2.92E-39 8.98E-15 4.54E-14 
 6.28E-08 3.03E-14 5.90E-15 8.12E-15 6.18E-15 5.94E-13 2.20E-10 3.12E-10 2.72E-09 2.88E-09 7.40E-38 2.95E-09 2.97E-09 4.11E-38 1.66E-15 3.94E-15 
 2.38E-07 6.66E-07 3.64E-07 4.70E-19 8.23E-20 1.47E-06 1.16E-17 3.28E-07 2.54E-16 1.18E-06 6.81E-30 3.92E-14 3.95E-07 6.80E-32 5.85E-17 1.27E-06 
 1.43E-07 4.13E-07 1.24E-06 6.00E-15 5.81E-15 1.06E-06 4.14E-13 1.49E-06 3.83E-11 6.61E-07 4.42E-26 1.95E-11 3.14E-06 1.29E-26 2.89E-12 2.10E-07 
 5.96E-05 6.20E-05 7.47E-05 7.58E-20 1.91E-20 1.05E-04 6.56E-19 6.94E-05 4.63E-17 1.88E-04 9.29E-33 1.21E-14 1.88E-04 1.35E-33 1.68E-17 2.44E-04 
 6.85E-07 1.18E-06 1.79E-06 5.42E-19 1.26E-19 5.01E-06 7.96E-19 1.84E-06 1.10E-16 6.28E-06 5.93E-32 4.09E-15 2.10E-06 1.41E-32 3.91E-16 1.54E-06 
 3.07E-06 3.06E-06 2.64E-06 3.90E-14 1.71E-14 2.07E-05 1.90E-14 3.04E-06 1.09E-11 2.87E-06 2.02E-26 3.16E-11 2.18E-06 1.19E-26 1.18E-11 2.45E-06 
 4.80E-07 1.04E-06 1.26E-06 2.32E-14 5.62E-15 1.28E-06 6.02E-12 8.37E-07 1.42E-10 1.35E-06 1.92E-29 3.35E-11 2.42E-06 8.08E-30 4.76E-12 2.05E-06 
 4.48E-09 9.12E-09 3.38E-08 4.58E-14 8.95E-15 3.57E-08 9.99E-12 8.33E-08 3.25E-10 3.34E-08 4.73E-30 5.38E-11 3.49E-07 2.25E-30 1.11E-11 1.41E-08 
 1.18E-08 2.90E-10 6.37E-10 7.75E-14 8.32E-15 6.91E-10 2.12E-11 7.37E-10 4.99E-10 9.93E-10 1.30E-27 2.65E-10 2.13E-09 1.40E-27 1.54E-11 4.43E-10 
 1.41E-08 3.63E-12 1.06E-11 1.34E-13 1.15E-14 1.03E-10 1.06E-10 3.10E-10 2.38E-09 2.88E-09 3.73E-31 9.64E-10 1.09E-09 2.15E-31 9.87E-11 1.09E-09 
2.45E-07 2.49E-07 8.25E-08 3.57E-20 1.95E-21 9.88E-07 2.71E-18 4.27E-07 5.21E-17 1.48E-06 4.93E-34 1.71E-15 3.14E-07 3.75E-36 1.06E-17 1.44E-06 
3.59E-06 6.82E-06 1.31E-05 2.52E-19 1.31E-20 7.50E-06 2.14E-17 1.62E-05 5.68E-16 9.36E-06 3.99E-34 3.96E-14 5.55E-05 3.88E-35 9.79E-17 1.47E-05 
2.19E-06 4.22E416 4.72E-06 2.34E-18 8.86E-20 4.33E-06 4.06E-16 5.52E-06 7.76E-15 4.14E-06 4.07E-33 3.06E-12 6.73E-06 1.27E-33 1.23E-15 8.25E-06 
6.00E-10 7.46E-10 1.74E-09 6.23E-18 1.19E-19 1.43E-08 1.10E-15 5.63E-09 2.08E-14 1.38E-09 2.46E-28 2.88E-12 1.35E-09 3.66E-28 3.43E-15 2.45E-09 
7.07E-09 3.94E-09 8.41E-09 2.10E-14 3.40E-15 6.75E-09 9.82E-12 6.50E-09 2.07E-10 4.35E-09 9.45E-30 2.54E-10 9.58E-09 1.55E-29 9.25E-12 3.73E-09 
 1.30E-04 1.60E-04 1.73E-04 4.08E-24 9.65E-26 2.88E-04 2.86E-22 3.28E-04 4.87E-21 4.66E-04 1.50E-39 7.88E-17 5.27E-04 1.14E-40 3.48E-21 7.56E-04 
 1.77E-06 1.72E-06 8.21E-07 3.40E-24 3.62E-26 6.00E-06 1.48E-22 7.85E-06 2.24E-21 7.87E-06 1.46E-38 7.81E-17 7.88E-06 1.31E-38 1.97E-21 1.33E-05 
 3.53E-06 4.05E-06 7.27E-06 6.44E-20 7.25E-22 5.06E-05 2.65E-17 2.54E-05 4.73E-16 6.91E-06 1.62E-32 1.77E-13 7.79E-06 2.71E-32 8.41E-17 1.53E-05 
 1.75E-06 4.93E-06 6.20E-06 1.42E-18 1.23E-20 8.01E-06 1.54E-15 1.09E-05 2.66E-14 5.25E-06 1.70E-35 1.63E-13 7.65E-06 1.38E-35 5.17E-15 1.16E-05 
 3.62E-07 4.35E-07 1.08E46 2.23E-14 3.46E-16 1.56E-06 4.31E-11 1.63E-06 8.88E-10 4.60E-07 5.47E-31 3.66E-10 3.16E-06 9.17E-31 4.17E-11 5.95E-07 
 1.41E-09 4.39E-10 1.19E-09 3.44E-15 3.42E-17 5.42E-09 7.16E-12 3.98E-09 1.45E-10 1.06E-09 1.03E-33 5.72E-11 1.05E-09 1.64E-33 7.03E-12 1.85E-09 
 6.64E-09 4.12E-10 4.21E-10 1.53E-14 1.01E-16 1.17E-09 6.39E-11 8.98E-10 1.23E-09 1.99E-09 4.63E-36 5.39E-10 1.08E-09 7.12E-36 6.29E-11 1.41E-09 
 1.61E-06 2.35E-06 1.48E-06 5.45E-21 1.81E-23 1.25E-05 3.97E-18 1.93E-05 6.51E-17 1.10E-05 2.16E-38 9.87E-17 1.63E-05 2.21E-38 1.57E-17 2.27E-05 
 3.90E-05 1.24E-04 1.56E-04 9.45E-20 5.35E-22 1.07E-04 1.15E-16 2.15E-04 1.94E-15 1.15E-04 2.83E-37 1.68E-15 3.08E-04 2.94E-37 4.47E-16 3.04E-04 
 3.68E-05 6.93E-05 6.17E-05 2.17E-19 6.24E-22 1.28E-04 2.06E-16 2.09E-04 3.41E-15 1.21E-04 2.00E-33 2.31E-13 1.89E-04 3.50E-33 6.84E-16 2.88E-04 
 8.26E-08 1.57E-07 2.66E-07 5.23E-19 1.21E-21 1.04E-06 9.13E-16 8.95E-07 1.44E-14 2.47E-07 1.07E-36 1.19E-13 2.63E-07 1.18E-36 3.04E-15 4.73E-07 
 7.96E-09 1.05E-08 1.10E-08 3.58E-15 4.71E-17 2.47E-08 1.00E-11 1.93E-08 1.77E-10 1.57E-08 5.78E-38 2.57E-10 3.08E-08 9.84E-38 9.82E-12 1.76E-08 
 5.39E-04 1.09E-03 8.76E-04 4.63E-25 1.11E-27 2.17E-03 2.50E-22 4.15E-03 3.58E-21 2.97E-03 2.29E-40 2.27E-18 5.25E-03 2.46E-40 3.83E-21 7.36E-03 
 8.31E-07 1.96E-07 1.59E-08 1.91E-26 7.87E-30 1.34E-05 2.30E-24 2.52E-05 2.13E-23 2.56E-05 7.93E-42 3.00E-19 4.03E-05 7.53E-42 4.27E-23 4.19E-05 
 3.35E-04 5.40E-04 7.42E-04 1.09E-20 1.13E-23 2.52E-03 1.56E-17 2.69E-03 2.34E-16 8.06E-04 6.56E-36 4.80E-15 1.00E-03 1.16E-35 5.11E-17 1.94E-03 
 1.45E-05 4.86E-05 5.43E-05 3.73E-19 3.03E-22 5.55E-05 8.70E-16 8.14E-05 1.48E-14 5.73E-05 1.49E-39 6.68E-14 1.65E-04 1.67E-39 3.15E-15 9.81E-05 
 2.86E-06 2.57E-06 4.30E-06 2.14E-15 5.52E-18 1.75E-05 2.80E-11 1.19E-05 5.67E-10 4.80E-06 3.32E-40 1.59E-10 2.00E-05 6.07E-40 3.03E-11 6.42E-06 
 1.39E-08 8.46E-08 5.39E-08 1.29E-15 2.76E-18 5.35E-08 1.11E-11 1.33E-07 1.91E-10 2.73E-07 1.33E-43 1.22E-10 5.78E-07 2.29E-43 1.05E-11 6.71E-08 
 4.18E-09 1.04E-08 2.71E-09 1.50E-15 1.94E-18 5.82E-09 3.33E-11 1.69E-09 5.67E-10 7.74E-08 1.01E-46 2.55E-10 7.61E-47 1.73E-46 2.93E-11 8.45E-09  
 2.98E-09 1.57E-12 5.03E-13 4.58E-16 6.80E-19 1.76E-12 2.88E-11 4.20E-11 2.23E-10 2.68E-10 8.19E-51 2.65E-10 2.55E-10 8.43E-51 5.35E-13 1.90E-11 
 1.08E-08 4.55E-16 7.77E-17 7.86E-17 5.81E-19 1.45E-14 1.08E-10 1.52E-10 1.28E-09 1.35E-09 8.44E-55 9.78E-10 9.50E-10 5.45E-55 5.90E-14 9.60E-13 
  0.000173 0.000422 0.000352 1.17e-21 8.35e-25 0.000648 5.87e-18 0.000911 1.00E-16 6.48E-04 1.67E-45 4.44E-17 8.75E-04 6.81E-46 2.58E-17 1.35E-03 
  0.000399 0.00144 0.00193 4.35e-20 3.03e-23 0.000789 2.14e-16 0.00353 3.69E-15 1.27E-03 8.19E-46 1.54E-15 1.26E-02 9.29E-46 9.44E-16 2.69E-03 
  6.8e-05 0.000295 0.000268 4.42e-20 2.51e-23 0.000118 2.45e-16 0.000375 3.55E-15 3.67E-04 2.70E-49 2.46E-14 1.46E-03 1.98E-49 7.56E-16 3.01E-04 
  1.5e-06 1.45e-05 1.81e-06 2.85e-20 1.69e-23 2.45e-06 3.43e-16 7.35e-07 6.06E-15 2.77E-05 2.23E-52 9.37E-15 2.65E-06 1.26E-52 1.56E-15 1.01E-05 
  1.91e-09 7.97e-09 3.48e-09 1.25e-16 1.84e-19 8.07e-09 2.75e-12 3.34e-09 1.41E-10 5.47E-08 3.57E-50 7.44E-12 7.87E-09 8.21E-50 8.99E-12 1.68E-08 
  6.37e-11 1.46e-10 7.98e-11 1.06e-16 3.46e-20 3.32e-10 1.2e-12 1.25e-10 8.75E-11 1.58E-09 1.10E-53 2.62E-12 1.81E-10 1.59E-53 3.96E-13 3.29E-10 
  2.35e-09 1.31e-12 1.06e-13 5.71e-17 1.5e-19 4.41e-13 4.76e-13 1e-11 9.59E-12 2.96E-11 3.07E-57 1.77E-10 2.28E-10 2.70E-57 3.99E-14 3.77E-12 
  0.0811 0.191 0.16 3.19e-25 3.12e-28 0.167 1.63e-21 0.288 2.34E-20 3.24E-01 5.59E-52 2.79E-19 5.77E-01 3.75E-52 3.12E-20 7.23E-01 
  0.00354 0.00889 0.00529 3.06e-25 3.64e-29 0.00516 4.33e-22 0.00635  6.58E-21 1.10E-02 3.14E-55 1.22E-18 1.31E-02 7.83E-56 7.23E-21 1.83E-02 
  0.00255 0.0207 0.00292 5.97e-21 1.79e-24 0.0027 1.45e-17 0.00179	6.14E-16 2.53E-02 7.64E-53 1.92E-16 6.12E-03 1.88E-52 1.67E-16 1.27E-02 
  0.00018 0.000621 0.000267 1.91e-20 1.17e-23 0.000228 1.68e-17 0.000202  7.41E-16 7.29E-04 4.03E-56 7.12E-16 5.82E-04 5.21E-56 2.19E-15 8.06E-04 
  0.0022 0.00454 0.00482 1.23e-16 1.45e-19 0.00247 3.28e-15 0.00413	 1.18E-12 3.26E-03 4.03E-54 8.96E-13 1.27E-02 1.01E-53 1.14E-11 1.03E-02 
  2.39e-05 0.0001 9.99e-05 9.84e-17 9.39e-20 3.64e-05 5.53e-12 0.000115 9.08E-11 9.80E-05 2.85E-57 1.02E-10 4.33E-04 3.71E-57 4.19E-12 1.01E-04 
  2.92e-05 0.000275 0.000136 2.03e-16 1.46e-19 0.000102 1.31e-11 0.000135 2.40E-10 8.48E-04 1.86E-60 1.03E-10 4.92E-04 1.61E-60 1.03E-11 1.60E-04 
  1.79e-09 6.41e-12 7.08e-13 1.5e-16 3.18e-20 4.32e-12 1.64e-11 2.18e-11 2.83E-10 6.36E-10 2.22E-64 1.14E-10 1.10E-10 1.56E-64 5.37E-13 4.48E-11 
  3.7e-09 6.13e-12 1.25e-12 1.9e-16 8.01e-20 3.91e-12 4.19e-11 5.92e-11 6.65E-10 1.88E-09 4.03E-68 3.14E-10 3.06E-10 1.73E-68 1.98E-11 2.32E-10 
  0.000793 0.00063 0.000157 6.62e-23 1.58e-26 0.00216 3.83e-22 0.00193 1.10E-19 5.64E-03 2.04E-61 4.55E-18 1.58E-03 3.00E-61 5.65E-18 6.61E-03 
  0.000133 0.000322 0.00016 7.28e-22 1.17e-25 0.000197 2.15e-17 0.000161 3.11E-16 4.83E-04 4.44E-64 1.25E-16 2.74E-04 3.92E-64 7.00E-17 6.88E-04 
  1.02e-05 5.17e-05 1.13e-05 2.66e-23 5.3e-27 9.39e-06 3.45e-19 5.93e-06 3.65E-18 4.16E-05 6.61E-69 2.26E-18 1.33E-05 3.70E-69 4.53E-18 3.95E-05 
  4.06e-06 1.44e-05 1.04e-05 4.5e-18 1.36e-20 6.79e-06 1.61e-15 7.43e-06 1.13E-13 2.92E-05 2.35E-67 1.49E-13 2.03E-05 8.39E-67 3.37E-12 2.46E-05 
  5.69e-12 7.69e-11 7.49e-12 3.21e-18 2.81e-21 1.98e-11 7.74e-16 6.08e-12 1.88E-14 4.04E-09 1.51E-70 1.44E-14 2.07E-11 3.33E-70 2.31E-13 9.52E-11 
  1.64e-08 2.25e-10 2.54e-10 2.92e-17 2.19e-20 1.51e-10 1.02e-11 3.56e-10 1.23E-10 1.46E-09 6.41E-73 1.28E-10 2.26E-09 2.49E-73 6.01E-12 2.54E-10 
  5.99e-12 2.15e-20 6.19e-21 1.14e-19 2.09e-23 5.57e-18 7.71e-16 7.77e-15 4.77E-15 2.40E-14 8.63E-81 3.48E-14 5.51E-14 5.98E-81 4.12E-16 8.69E-15 
  4.46e-09 9.35e-11 3.5e-15 1.43e-33 9.27e-38 9.93e-06 6.81e-34 7.97e-05 4.61E-32 6.34E-05 2.16E-74 1.56E-27 4.32E-06 1.47E-74 1.87E-28 3.40E-06 
  1.39e-13 2.29e-15 2.96e-22 7.84e-36 2.76e-40 3.03e-08 3.89e-33 4.68e-07 5.61E-33 1.98E-07 1.34E-81 1.84E-29 4.91E-09 5.24E-82 6.20E-31 1.71E-09 
  0.000582 0.00288 0.000628 2.87e-23 5.64e-26 0.000592 5.17e-21 0.000386 2.85E-19 2.58E-03 2.34E-73 3.86E-18 7.42E-04 2.30E-73 4.54E-17 2.30E-03 
  2.82e-06 4.31e-06 1.09e-06 4.33e-23 1.67e-26 6.56e-06 8.39e-22 3.8e-06 7.09E-20 1.48E-05 2.54E-74 6.44E-18 5.65E-07 5.34E-74 2.30E-17 1.87E-05 
  3.97e-05 4.48e-05 6.42e-05 5.76e-18 7.96e-21 6.94e-05 2.15e-16 9.62e-05 3.09E-14 4.67E-04 4.52E-72 1.05E-13 3.59E-04 1.28E-71 2.19E-12 2.19E-04 
  6.21e-07 1.64e-06 9.85e-07 2.12e-18 1.04e-21 8.11e-07 6.71e-16 7.55e-07 1.41E-14 4.22E-06 4.67E-76 2.17E-14 4.20E-06 1.19E-75 1.18E-13 2.51E-06 
  1.13e-07 1.26e-06 1.24e-06 7.16e-17 2.14e-20 1.1e-06 1.37e-11 1.98e-06  1.93E-10 1.02E-05 2.97E-77 1.23E-10 7.46E-06 2.39E-77 9.44E-12 6.37E-07 
  6.62e-10 8.05e-10 5.27e-10 9.44e-18 2.54e-21 9.75e-10 2.92e-12 3.62e-10 4.13E-11 1.44E-08 1.68E-82 1.87E-11 1.50E-09 1.36E-82 2.10E-12 7.39E-10 
  8.18e-09 2.15e-12 5.74e-13 7.71e-17 1.38e-20 2.35e-12 1.69e-10 2.27e-10 2.97E-09 3.45E-09 1.50E-85 1.80E-09 1.73E-09 7.68E-86 4.31E-11 4.87E-10 
  7.12e-09 8.2e-18 1.02e-17 2.56e-17 5.81e-21 2.19e-16 2.42e-12 4.87e-11 4.19E-11 1.16E-10 5.90E-90 9.73E-10 1.20E-09 1.77E-90 6.40E-13 3.16E-12 
  3.89e-10 4.57e-12 9.8e-16 1.63e-28 2.79e-32 4e-07 2.18e-28 4.21e-06 8.39E-27 1.01E-05 1.51E-85 4.13E-23 7.07E-07 2.40E-85 2.54E-23 1.63E-07 
  7.41e-08 4.68e-08 4.11e-09 1.28e-24 1.02e-28 2.72e-07 5.17e-20 2.84e-07 4.95E-19 2.35E-06 1.14E-83 2.70E-19 6.88E-07 1.63E-83 1.94E-19 5.49E-07 
  3.14e-06 2.19e-05 9.34e-06 7.35e-23 6.51e-27 4.77e-06 9.66e-18 6.32e-06 1.19E-16 3.05E-05 3.16E-85 3.72E-17 1.96E-05 2.53E-85 2.63E-17 1.29E-05 
  2.11e-08 8.5e-08 2.29e-08 9.02e-22 9.64e-26 2.74e-08 1.1e-15 8.36e-09 1.57E-14 2.71E-07 1.39E-88 5.75E-15 2.68E-08 5.67E-89 1.05E-15 7.49E-08 
  4.64e-13 3.71e-12 3.99e-13 3.61e-22 3.92e-26 7.62e-13 7.5e-16 1.33e-13 8.88E-15 8.25E-11 1.21E-91 4.37E-15 5.22E-13 3.45E-92 7.49E-16 3.48E-12 
  2.55e-08 2.39e-13 3.35e-14 1.93e-17 5.23e-21 3.33e-13 2.6e-11 6.28e-11 3.65E-10 5.63E-10 6.84E-90 1.18E-09 1.29E-09 2.09E-90 5.45E-12 8.40E-11 
  2.82e-09 6.16e-18 4.63e-18 1.9e-18 1.92e-22 1e-16 9.78e-13 3.6e-12 1.13E-11 2.25E-11 5.41E-97 5.76E-11 6.70E-11 1.46E-98 1.36E-13 1.56E-12 
  3.58e-17 1.21e-19 5.54e-28 1.37e-40 6.3e-45 5.87e-10 1.2e-41 3.23e-08 7.85E-41 1.36E-08 0.00E+00 5.82E-34 1.27E-10 0.00E+00 3.91E-35 6.78E-12 
  1.47e-29 4.97e-31 6.44e-46 5.87e-50 2.18e-55 5.62e-16 1.7e-48 1.75e-13 8.98E-50 5.49E-15 0.00E+00 3.10E-43 3,14E-18 0.00E+00 2.00E-45 1.98E-20 
  1.09e-05 4.35e-05 9.02e-06 7.43e-28 4.77e-32 1.13e-05 3.19e-22 6.04e-06 3.73E-21 4.06E-05 9.41E-92 2.22E-21 7.15E-06 4.51E-92 1.55E-21 3.90E-05 
  3.65e-09 4.27e-09 1.64e-10 4.37e-28 1.07e-32 5.38e-09 1.32e-22 1.95e-09 1.34E-21 2.41E-08 6.61E-96 1.81E-21 1.00E-09 1.61E-96 4.98E-22 7.82E-09 
  4.45e-09 3.48e-08 2.82e-09 2.23e-23 9.25e-27 5.42e-09 1.88e-16 1e-09 2.11E-15 4.90E-07 0.00E+00 1.79E-15 3.16E-09 0.00E+00 1.33E-16 2.73E-08 
  1.8e-12 8.39e-12 5.06e-13 1.04e-22 4.39e-26 2.8e-12 1.44e-15 9.05e-14  1.79E-14 1.16E-09 0.00E+00 8.37E-15 3.75E-13 0.00E+00 1.37E-15 1.80E-11 
  2.69e-08 2.18e-13 7.37e-15 7.58e-18 1.9e-21 5.06e-14 4.27e-11 5.38e-11 6.47E-10 7.75E-10 2.36E-96 6.44E-10 6.29E-10 0.00E+00 9.06E-12 2.54E-10 
  3e-08 3.09e-15 3.94e-15 6.1e-17 6.66e-21 3.74e-14 5.47e-10 7.36e-10 9.50E-09 1.00E-08 0.00E+00 6.11E-09 5.85E-09 0.00E+00 1.00E-10 1.21E-09 
  10.7 11.8 13.6 14.7 16 20.6 18.8 23.2 22.0 28.6 22.4 27.6 33.3 23.6 28.1 38.2 
