# 1995ApJS..101..181W 
# TABLE 5A EJECTED MASSES AT 2.5 X 104 SECONDS; 11-25 M0 MODELS; Z = Z0 
# S11A S12A S13A S15A S18A S19A S20A S22A S25A 
1H 5.59 5.96 6.32 6.98 7.89 8.08 8.24 8.79 9.40						10.5 10.5 11.5 11.5 11.5 11.1 11.1 11.1
4He 3.73 4.11 4.51 5.24 6.28 6.46 6.72 7.51 8.64 					10.4 10.4 11.9 11.9 12.0 13.0 13.0 13.0
2H 7.84E-05 8.27E-05 8.32E-05 8.84E-05 9.57E-05 9.91E-05 9.88E-05 1.02E-04 9.81E-05 	9.44E-05 9.45E-05 1.02E-04 1.02E-04 1.02E-04 8.87E-05 8.87E-05 8.87E-05
3He 3.53E-04 3.71E-04 3.94E-04 4.32E-04 4.88E-04 5.04E-04 5.26E-04 5.64E-04 6.29E-04 	7.18E-04 7.18E-04 7.91E-04 7.91E-04 7.91E-04 7.74E-04 7.74E-04 7.74E-04
7Li 2.18E-07 2.18E-07 1.98E-07 2.07E-07 2.73E-07 2.51E-07 2.51E-07 2.17E-07 2.40E-07 	2.74E-07 2.12E-07 1.94E-07 1.56E-07 1.45E-07 1.69E-07 1.34E-07 1.17E-07
7Be 3.35E-07 2.87E-07 6.17E-07 5.69E-07 4.43E-07 4.18E-07 4.18E-07 4.35E-07 5.04E-07 	7.13E-07 6.25E-07 8.26E-07 7.34E-07 7.01E-07 8.19E-07 7.17E-07 6.62E-07
9Be 2.88E-10 2.87E-10 2.97E-10 3.15E-10 3.35E-10 3.46E-10 3.45E-10 3.58E-10 3.84E-10 	3.79E-10 3.79E-10 4.40E-10 4.41E-10 4.41E-10 4.07E-10 4.07E-10 4.07E-10
10B 3.17E-09 2.63E-09 4.72E-09 4.96E-09 2.83E-09 2.57E-09 2.53E-09 2.58E-09 2.76E-09 	2.90E-09 2.90E-09 3.18E-09 3.19E-09 3.19E-09 3.11E-09 3.11E-09 3.11E-09
11B 4.89E-07 4.62E-07 4.49E-07 9.48E-07 1.49E-06 1.85E-06 1.55E-06 1.49E-06 1.78E-06 	8.55E-07 7.41E-07 5.39E-07 5.89E-07 5.69E-07 3.79E-07 6.04E-07 5.99E-07
11C 1.54E-07 1.67E-07 3.46E-07 3.06E-07 3.73E-07 7.79E-07 3.01E-07 4.65E-07 6.16E-07 	3.14E-07 3.43E-07 3.73E-07 4.63E-07 4.65E-07 3.76E-07 5.76E-07 6.01E-07
12C 5.32E-02 8.05E-02 1.14E-01 1.61E-01 2.48E-01 2.84E-01 2.13E-01 2.41E-01 3.22E-01 	2.86E-01 2.90E-01 3.01E-01 3.20E-01 3.20E-01 3.13E-01 3.63E-01 3.68E-01
13C 9.61E-04 1.02E-03 1.14E-03 1.29E-03 1.35E-03 1.33E-03 1.33E-03 1.39E-03 1.45E-03 	1.59E-03 1.59E-03 1.65E-03 1.65E-03 1.65E-03 1.62E-03 1.62E-03 1.62E-03
14C 1.71E-05 3.97E-06 5.32E-06 8.15E-06 2.91E-05 1.31E-05 5.16E-06 4.30E-06 3.66E-06 	1.80E-06 1.88E-06 1.72E-06 1.81E-06 1.80E-06 2.05E-06 2.15E-06 2.12E-06
14N 3.67E-02 3.60E-02 4.68E-02 5.40E-02 5.68E-02 5.71E-02 5.98E-02 6.73E-02 7.93E-02 	1.04E-01 1.04E-01 1.25E-01 1.25E-01 1.25E-01 1.41E-01 1.41E-01 1.41E-01
15N 6.16E-05 9.76E-05 4.47E-05 1.49E-04 1.52E-04 1.24E-04 1.41E-04 1.70E-04 2.29E-04 	1.65E-04 2.15E-04 1.25E-04 2.70E-04 2.89E-04 9.06E-05 2.91E-04 3.40E-04
160 1.36E-01 2.10E-01 2.72E-01 6.80E-01 1.13 1.43 1.94 2.38 3.25 			3.65 4.88 3.07 5.82 6.36 2.36 6.03 7.63 				    
170 5.19E-04 5.28E-04 5.33E-04 5.92E-04 8.24E-04 8.46E-04 8.51E-04 9.16E-04 1.01E-03 	1.06E-03 1.06E-03 1.29E-03 1.29E-03 1.29E-03 1.23E-03 1.23E-03 1.23E-03
180 3.47E-03 8.36E-03 2.29E-03 4.38E-03 1.49E-02 1.60E-02 1.18E-02 3.87E-03 2.52E-03 	5.86E-04 5.74E-04 3.12E-04 3.09E-04 3.08E-04 2.31E-04 2.31E-04 2.30E-04
19F 1.29E-05 3.47E-05 8.88E-06 3.45E-05 9.21E-05 2.64E-05 2.83E-05 4.87E-05 1.33E-04 	1.05E-04 1.07E-04 1.63E-04 2.26E-04 2.21E-04 1.68E-04 2.98E-04 2.92E-04
20Ne 3.12E-02 2.32E-02 4.46E-02 1.11E-01 2.77E-01 1.06E-01 1.05E-01 7.02E-02 3.94E-01 	3.81E-01 4.32E-01 5.15E-01 8.88E-01 8.81E-01 4.48E-01 1.24 1.29 	    
21Ne 1.78E-04 1.57E-04 5.77E-04 4.49E-04 8.30E-04 5.94E-04 3.72E-04 5.21E-04 6.29E-04 	3.01E-04 3.27E-04 5.48E-04 8.03E-04 8.00E-04 5.75E-04 1.26E-03 1.29E-03
22Ne 2.47E-03 6.03E-03 3.50E-03 7.37E-03 1.64E-02 1.85E-02 2.28E-02 3.82E-02 4.76E-02 	5.41E-02 5.41E-02 5.77E-02 5.77E-02 5.77E-02 5.94E-02 5.94E-02 5.91E-02
22Na 2.14E-07 8.44E-08 1.45E-07 1.09E-06 3.76E-06 7.91E-07 2.96E-07 2.94E-07 3.43E-06 	1.68E-06 1.94E-06 3.17E-06 5.81E-06 5.73E-06 3.60E-06 1.01E-05 1.02E-05
23Na 1.05E-03 8.71E-04 1.08E-03 3.42E-03 9.99E-03 2.71E-03 1.53E-03 1.93E-03 1.08E-02 	6.48E-03 6.89E-03 1.47E-02 2.16E-02 2.15E-02 1.61E-02 3.68E-02 3.67E-02
24Mg 9.24E-03 8.21E-03 1.64E-02 2.67E-02 5.52E-02 2.51E-02 3.13E-02 4.16E-02 1.06E-01 	2.12E-01 2.82E-01 1.23E-01 2.87E-01 3.03E-01 6.80E-02 2.30E-01 3.10E-01
25Mg 1.38E-03 1.23E-03 3.07E-03 6.66E-03 1.20E-02 9.38E-03 7.68E-03 8.01E-03 2.39E-02 	2.53E-02 2.88E-02 2.64E-02 4.45E-02 4.43E-02 2.21E-02 5.40E-02 5.71E-02
26Mg 1.55E-03 1.69E-03 3.40E-03 6.50E-03 9.85E-03 1.14E-02 1.05E-02 1.28E-02 3.25E-02 	3.24E-02 3.56E-02 3.85E-02 6.02E-02 5.99E-02 3.36E-02 7.95E-02 8.22E-02
26A1 1.68E-05 2.00E-05 2.84E-05 4.30E-05 8.14E-05 8.83E-05 3.47E-05 5.91E-05 1.27E-04 	1.83E-04 2.73E-04 1.33E-04 3.47E-04 3.45E-04 1.09E-04 2.51E-04 3.56E-04
27A1 1.19E-03 1.13E-03 1.83E-03 4.62E-03 9.98E-03 3.77E-03 3.98E-03 8.40E-03 2.44E-02 	3.94E-02 5.08E-02 2.97E-02 6.36E-02 6.53E-02 2.06E-02 6.46E-02 7.70E-02
28Si 2.17E-02 9.09E-02 5.85E-02 1.10E-01 1.37E-01 2.77E-01 2.88E-01 3.56E-01 3.15E-01 	9.77E-02 3.16E-01 4.16E-02 1.12E-01 4.29E-01 2.47E-02 5.46E-02 5.61E-01
29Si 6.45E-04 1.09E-03 1.45E-03 2.48E-03 3.68E-03 4.29E-03 6.11E-03 1.23E-02 1.15E-02 	2.39E-02 3.39E-02 1.04E-02 2.97E-02 3.24E-02 4.10E-03 1.65E-02 2.91E-02
30Si 6.97E-04 7.62E-04 1.97E-03 3.09E-03 5.41E-03 3.43E-03 5.82E-03 1.41E-02 1.26E-02 	1.98E-02 3.45E-02 6.79E-03 2.40E-02 3.24E-02 2.46E-03 8.96E-03 3.08E-02
31P 1.86E-04 8.91E-04 4.17E-04 7.82E-04 1.23E-03 2.02E-03 3.17E-03 4.96E-03 3.07E-03 	4.77E-03 7.29E-03 1.99E-03 5.58E-03 6.71E-03 1.09E-03 2.96E-03 6.35E-03
32S 9.71E-03 7.57E-02 2.60E-02 6.34E-02 5.46E-02 1.29E-01 1.52E-01 1.72E-01 1.41E-01 	1.38E-02 9.99E-02 1.08E-02 1.68E-02 1.69E-01 1.02E-02 1.15E-02 2.36E-01
33S 6.72E-05 7.13E-04 1.39E-04 2.85E-04 3.40E-04 8.81E-04 1.26E-03 1.34E-03 6.52E-04 	1.71E-04 5.62E-04 1.11E-04 2.64E-04 6.67E-04 9.85E-05 1.20E-04 8.26E-04
34S 6.29E-04 3.00E-03 1.52E-03 1.92E-03 3.68E-03 1.05E-02 2.22E-02 1.67E-02 7.13E-03 	1.73E-03 7.30E-03 7.29E-04 2.29E-03 8.77E-03 5.44E-04 7.72E-04 1.06E-02
35S 6.97E-07 6.07E-06 5.41E-06 4.31E-06 5.17E-06 4.51E-05 2.84E-05 6.56E-05 1.65E-05 	4.14E-05 5.79E-05 1.33E-05 4.17E-05 4.43E-05 6.51E-06 2.05E-05 3.48E-05
36S 1.95E-06 3.52E-06 7.66E-06 8.67E-06 1.26E-05 3.11E-05 2.49E-05 8.86E-05 4.18E-05 	6.52E-05 8.33E-05 4.58E-05 9.00E-05 9.21E-05 3.55E-05 8.91E-05 1.04E-04
35Cl 4.90E-05 1.54E-03 1.01E-04 2.58E-04 2.73E-04 1.55E-03 2.09E-03 2.86E-03 6.84E-04 	3.15E-04 7.10E-04 1.02E-04 3.60E-04 6.39E-04 7.69E-05 1.08E-04 7.50E-04
36Cl 2.50E-07 1.15E-05 7.84E-07 2.17E-06 2.57E-06 1.87E-05 2.75E-05 5.18E-05 6.28E-06 	6.21E-06 1.14E-05 1.56E-06 6.17E-06 8.98E-06 8.68E-07 1.94E-06 9.13E-06
37Cl 1.32E-05 3.86E-05 2.32E-05 4.45E-05 7.63E-05 1.00E-04 1.06E-04 1.75E-04 1.88E-04 	1.87E-04 2.08E-04 2.09E-04 3.16E-04 3.18E-04 1.91E-04 4.05E-04 4.21E-04
36Ar 1.69E-03 2.18E-02 4.46E-03 1.25E-02 8.71E-03 2.07E-02 2.62E-02 2.80E-02 2.25E-02 	1.72E-03 1.60E-02 1.87E-03 1.98E-03 2.86E-02 1.90E-03 1.93E-03 3.90E-02
37Ar 2.22E-06 1.51E-04 6.23E-06 4.08E-05 1.60E-05 7.60E-05 1.22E-04 1.12E-04 6.54E-05 	1.85E-06 3.13E-05 1.81E-06 3.30E-06 3.71E-05 1.85E-06 2.42E-06 5.48E-05
38Ar 2.81E-04 4.80E-03 6.00E-04 2.07E-03 1.34E-03 6.43E-03 1.03E-02 8.31E-03 4.90E-03 	5.94E-04 2.65E-03 5.96E-04 8.14E-04 3.30E-03 5.65E-04 8.46E-04 4.18E-03
40Ar 7.75E-07 1.11E-06 3.39E-06 3.11E-06 4.44E-06 6.71E-06 4.72E-06 1.71E-05 1.38E-05 	1.83E-05 2.14E-05 1.68E-05 3.08E-05 3.06E-05 1.31E-05 3.48E-05 3.76E-05
39K 5.05E-05 2.14E-03 7.70E-05 3.18E-04 1.47E-04 8.69E-04 9.37E-04 1.50E-03 5.04E-04 	1.28E-04 3.31E-04 1.20E-04 1.66E-04 3.96E-04 1.12E-04 1.60E-04 5.09E-04
40K 1.74E-07 1.21E-05 2.45E-07 6.67E-07 1.05E-06 1.02E-05 9.48E-06 3.32E-05 3.45E-06 	4.18E-06 5.08E-06 3.73E-06 6.22E-06 6.32E-06 3.22E-06 6.54E-06 7.43E-06
41K 2.97E-06 4.52E-06 3.38E-06 4.37E-06 5.38E-06 6.03E-06 5.98E-06 1.02E-05 9.06E-06 	1.10E-05 1.18E-05 1.13E-05 1.50E-05 1.50E-05 1.06E-05 1.67E-05 1.73E-05
40Ca 1.32E-03 1.44E-02 3.61E-03 1.10E-02 6.82E-03 1.35E-02 1.43E-02 1.73E-02 1.67E-02 	1.31E-03 1.33E-02 1.46E-03 1.48E-03 2.41E-02 1.48E-03 1.52E-03 3.16E-02
41Ca 1.92E-06 1.56E-04 2.77E-06 1.68E-05 5.21E-06 2.11E-05 2.87E-05 3.53E-05 2.01E-05 	3.42E-06 1.25E-05 3.60E-06 4.20E-06 1.46E-05 3.54E-06 4.28E-06 1.97E-05
42Ca 8.32E-06 3.74E-04 1.58E-05 9.00E-05 3.32E-05 1.93E-04 3.78E-04 2.61E-04 1.45E-04 	1.66E-05 7.32E-05 1.70E-05 2.26E-05 8.94E-05 1.64E-05 2.45E-05 1.14E-04
43Ca 9.28E-07 1.03E-05 1.16E-06 1.81E-06 2.32E-06 9.44E-06 2.03E-05 2.50E-05 4.67E-06 	5.02E-06 7.34E-06 4.86E-06 7.26E-06 9.69E-06 4.39E-06 7.88E-06 9.87E-06
44Ca 1.37E-05 1.98E-05 1.61E-05 1.97E-05 2.43E-05 2.94E-05 4.16E-05 5.33E-05 3.64E-05 	4.26E-05 4.52E-05 4.50E-05 5.40E-05 5.43E-05 4.37E-05 5.77E-05 6.01E-05
45Ca 5.60E-08 6.02E-08 2.90E-07 5.69E-07 4.75E-07 8.40E-07 5.84E-07 1.37E-06 1.75E-06 	2.75E-06 3.24E-06 2.53E-06 4.93E-06 4.91E-06 1.97E-06 5.71E-06 6.14E-06
46Ca 7.20E-08 5.80E-08 3.76E-07 3.33E-07 2.98E-07 4.84E-07 3.36E-07 1.16E-06 8.90E-07 	1.80E-06 2.24E-06 1.13E-06 2.61E-06 2.60E-06 6.92E-07 2.21E-06 2.67E-06
48Ca 1.33E-06 1.43E-06 1.69E-06 1.80E-06 2.15E-06 2.19E-06 2.21E-06 2.43E-06 2.89E-06 	3.32E-06 3.37E-06 3.68E-06 3.94E-06 3.93E-06 3.71E-06 4.18E-06 4.20E-06
43SC 6.98E-07 1.79E-06 7.60E-07 1.31E-06 2.53E-07 8.43E-07 8.52E-07 1.20E-06 1.04E-06 	1.32E-09 9.92E-07 5.66E-10 2.05E-09 1.31E-06 3.08E-10 1.30E-09 2.63E-06
45SC 4.32E-07 3.36E-06 5.22E-07 7.87E-07 1.10E-06 3.25E-06 9.44E-06 1.20E-05 2.28E-06 	2.56E-06 5.12E-06 1.85E-06 3.17E-06 4.00E-06 1.51E-06 2.41E-06 3.45E-06
44Ti 6.20E-05 8.26E-05 6.26E-05 5.68E-05 8.48E-06 1.92E-05 1.38E-05 6.15E-05 3.04E-05 	4.92E-10 1.41E-04 1.00E-10 1.82E-09 1.98E-04 2.69E-11 1.47E-10 2.29E-04
45Ti 7.18E-07 1.69E-06 1.27E-06 1.71E-06 3.06E-07 6.43E-07 4.81E-07 1.23E-06 3.92E-07 	7.20E-10 7.30E-07 3.58E-10 1.54E-09 3.99E-07 2.13E-10 8.98E-10 7.27E-07
46Ti 7.08E-06 1.05E-04 9.77E-06 4.86E-05 1.50E-05 5.35E-05 8.63E-05 6.97E-05 5.57E-05 	7.13E-06 3.42E-05 7.40E-06 9.36E-06 3.92E-05 7.13E-06 9.25E-06 5.35E-05
47Ti 2.20E-06 9.62E-06 2.64E-06 3.62E-06 3.96E-06 6.63E-06 1.57E-05 1.45E-05 7.54E-06 	6.03E-06 1.10E-05 6.25E-06 7.82E-06 1.41E-05 6.08E-06 7.92E-06 1.47E-05
48T1 2.03E-05 2.43E-05 2.35E-05 2.72E-05 3.19E-05 3.37E-05 4.27E-05 4.31E-05 4.23E-05 	4.79E-05 5.00E-05 5.24E-05 5.46E-05 5.69E-05 5.28E-05 5.58E-05 5.88E-05
49Ti 1.74E-06 2.09E-06 2.08E-06 2.93E-06 4.10E-06 4.13E-06 5.42E-06 6.49E-06 7.81E-06 	9.23E-06 1.02E-05 9.61E-06 1.31E-05 1.31E-05 9.25E-06 1.46E-05 1.54E-05
50 Ti 1.84E-06 2.00E-06 2.66E-06 4.41E-06 6.32E-06 6.23E-06 6.91E-06 1.02E-05 1.59E-05 	1.96E-05 2.39E-05 1.76E-05 3.03E-05 3.11E-05 1.48E-05 3.19E-05 3.69E-05
47V 9.46E-07 1.40E-06 1.21E-06 1.44E-06 4.23E-07 8.09E-07 6.38E-07 1.24E-06 3.28E-07 	1.87E-10 3.52E-07 8.41E-11 6.06E-10 1.81E-07 4.42E-11 2.01E-10 1.26E-06
48V 6.99E-07 1.43E-06 7.78E-07 1.00E-06 6.07E-07 1.24E-06 2.34E-06 7.91E-06 3.40E-05 	1.18E-09 5.04E-05 4.49E-10 3.89E-09 1.09E-04 2.99E-10 1.02E-09 3.44E-05
49V 6.04E-07 3.38E-06 1.03E-06 1.66E-06 1.46E-06 3.09E-06 8.03E-06 6.68E-06 1.38E-05 	2.34E-07 9.86E-06 7.00E-08 4.55E-07 3.22E-05 2.95E-08 1.18E-07 2.38E-05
50V 1.53E-08 1.79E-07 3.85E-08 9.47E-08 1.11E-07 1.68E-07 1.62E-06 1.28E-06 2.93E-07 	3.29E-07 5.88E-07 1.22E-07 4.42E-07 5.69E-07 6.44E-08 1.95E-07 6.13E-07
51V 3.66E-06 5.14E-06 4.51E-06 5.15E-06 6.18E-06 6.34E-06 8.44E-06 8.85E-06 9.12E-06 	1.00E-05 1.10E-05 1.06E-05 1.21E-05 1.30E-05 1.04E-05 1.23E-05 1.39E-05
48Cr 1.21E-04 1.38E-04 1.55E-04 1.67E-04 9.06E-05 1.51E-04 1.48E-04 2.59E-04 1.66E-04 	6.78E-12 3.54E-04 1.23E-12 1.69E-11 5.24E-04 3.66E-13 2.74E-12 7.08E-04
49Cr 3.55E-06 5.18E-06 6.46E-06 8.81E-06 8.01E-06 1.23E-05 1.20E-05 1.51E-05 4.18E-06 	3.26E-11 1.02E-05 1.64E-11 8.87E-11 5.70E-06 1.24E-11 1.60E-11 2.19E-05
50Cr 1.86E-05 1.09E-04 5.09E-05 1.23E-04 1.02E-04 1.66E-04 1.65E-04 1.89E-04 2.09E-04 	1.52E-05 1.50E-04 1.68E-05 1.69E-05 2.72E-04 1.70E-05 1.70E-05 3.96E-04
51Cr 6.05E-07 1.31E-05 2.18E-06 5.32E-06 4.85E-06 9.56E-06 1.35E-05 1.34E-05 4.12E-05 	8.11E-08 1.50E-05 1.39E-07 2.96E-07 6.80E-05 1.96E-07 2.01E-07 4.91E-05
52Cr 1.44E-04 1.70E-04 1.73E-04 2.01E-04 2.43E-04 2.57E-04 2.72E-04 2.94E-04 3.50E-04 	3.25E-04 3.69E-04 3.60E-04 3.65E-04 4.52E-04 3.66E-04 3.75E-04 4.51E-04
53Cr 1.64E-05 1.81E-05 1.89E-05 2.20E-05 2.62E-05 2.67E-05 2.77E-05 3.02E-05 3.41E-05 	3.95E-05 4.00E-05 4.38E-05 4.52E-05 4.53E-05 4.47E-05 4.68E-05 4.72E-05
54Cr 5.09E-06 5.69E-06 7.40E-06 1.15E-05 1.75E-05 1.64E-05 1.54E-05 2.19E-05 3.37E-05 	3.97E-05 4.56E-05 3.84E-05 5.90E-05 5.92E-05 3.54E-05 6.50E-05 7.07E-05
51Mn 2.44E-06 5.42E-06 1.04E-05 1.92E-05 2.35E-05 3.60E-05 3.52E-05 3.96E-05 1.25E-05 	1.16E-10 2.81E-05 7.62E-11 1.96E-10 1.50E-05 5.25E-11 1.53E-10 5.47E-05
52Mn. 4.18E-06 9.54E-06 1.30E-05 2.23E-05 2.34E-05 4.40E-05 5.61E-05 8.36E-05 1.21E-03 	9.42E-10 2.47E-04 6.00E-10 2.05E-09 2.34E-03 4.12E-10 1.27E-09 5.29E-04
53Mn 1.29E-05 3.74E-05 5.10E-05 9.01E-05 9.95E-05 1.68E-04 1.91E-04 2.33E-04 3.57E-04 	7.03E-08 2.79E-04 2.48E-08 1.53E-07 6.58E-04 1.32E-08 3.49E-08 7.97E-04
54Mn 2.42E-07 1.27E-06 1.27E-06 3.13E-06 4.07E-06 6.39E-06 6.54E-06 6.99E-06 7.90E-06 	1.04E-07 4.94E-06 2.97E-08 3.20E-07 8.98E-06 1.15E-08 4.40E-08 1.16E-05
55Mn 1.29E-04 1.40E-04 1.49E-04 1.71E-04 2.04E-04 2.06E-04 2.13E-04 2.30E-04 2.58E-04 	3.03E-04 3.04E-04 3.29E-04 3.33E-04 3.33E-04 3.29E-04 3.34E-04 3.36E-04
52Fe 2.54E-04 4.58E-04 8.69E-04 1.42E-03 1.59E-03 2.54E-03 2.62E-03 3.24E-03 1.93E-03 	1.62E-12 3.35E-03 3.13E-13 4.08E-12 4.10E-03 1.02E-13 6.18E-13 7.47E-03
53Fe 9.12E-06 1.89E-05 4.44E-05 7.83E-05 1.00E-04 1.42E-04 1.22E-04 1.39E-04 1.85E-05 	4.09E-10 6.08E-05 4.59E-10 4.42E-10 1.17E-05 4.27E-10 4.02E-10 3.82E-05
54Fe 1.53E-03 2.97E-03 4.33E-03 7.59E-03 8.77E-03 1.32E-02 1.27E-02 1.52E-02 1.64E-02 	1.49E-03 1.34E-02 1.65E-03 1.64E-03 2.60E-02 1.67E-03 1.67E-03 3.63E-02
55Fe 1.47E-05 1.05E-04 4.19E-05 7.93E-05 7.45E-05 1.37E-04 1.38E-04 1.92E-04 4.25E-04 	1.25E-05 3.02E-04 2.58E-05 2.75E-05 7.67E-04 3.76E-05 3.79E-05 4.44E-04
56Fe 1.11E-02 1.22E-02 1.28E-02 1.47E-02 1.71E-02 1.77E-02 1.83E-02 1.97E-02 2.19E-02 	2.50E-02 2.53E-02 2.77E-02 2.78E-02 2.82E-02 2.83E-02 2.84E-02 2.90E-02
57Fe 3.08E-04 3.46E-04 3.72E-04 4.68E-04 6.47E-04 6.32E-04 6.29E-04 7.59E-04 9.05E-04 	9.98E-04 1.03E-03 1.17E-03 1.26E-03 1.27E-03 1.27E-03 1.41E-03 1.43E-03
58Fe 7.28E-05 8.80E-05 1.59E-04 3.08E-04 5.36E-04 4.46E-04 3.94E-04 6.27E-04 9.22E-04 	9.92E-04 1.21E-03 9.16E-04 1.52E-03 1.56E-03 8.79E-04 1.69E-03 1.95E-03
59Fe 1.10E-05 1.80E-06 7.04E-05 5.15E-05 8.21E-05 9.62E-05 4.08E-05 1.01E-04 8.52E-05 	3.97E-05 4.82E-05 5.46E-05 1.01E-04 1.04E-04 9.62E-05 2.31E-04 2.62E-04
80Fe 8.78E-06 2.91E-06 1.05E-04 2.66E-05 2.54E-05 4.69E-05 1.12E-05 5.19E-05 2.10E-05 	1.88E-05 2.38E-05 2.51E-05 5.59E-05 5.63E-05 3.09E-05 8.32E-05 1.05E-04
55Co 1.40E-04 2.31E-04 5.09E-04 7.56E-04 8.45E-04 1.27E-03 1.21E-03 1.52E-03 1.23E-03 	3.36E-09 1.67E-03 2.85E-09 4.49E-09 2.57E-03 2.37E-09 4.37E-09 3.69E-03
56Co 1.41E-04 1.20E-04 2.48E-04 2.31E-04 1.49E-04 2.50E-04 4.02E-04 1.67E-03 4.20E-03 	1.20E-07 1.21E-02 9.94E-08 1.57E-07 1.87E-02 8.02E-08 1.54E-07 5.86E-03
57Co 5.82E-05 4.93E-05 4.36E-05 3.55E-05 1.94E-05 3.49E-05 5.60E-05 2.35E-04 4.13E-04 	8.48E-07 1.79E-03 2.53E-07 1.65E-06 2.49E-03 1.04E-07 4.27E-07 8.82E-04
58Co 1.08E-05 6.12E-06 6.21E-06 3.46E-06 2.71E-06 3.42E-06 3.17E-06 6.23E-06 3.56E-06 	5.32E-07 1.25E-05 2.13E-07 1.46E-06 2.35E-05 1.06E-07 5.00E-07 1.82E-05
59Co 4.24E-05 5.59E-05 5.93E-05 1.22E-04 1.92E-04 1.45E-04 1.86E-04 2.21E-04 3.31E-04 	3.31E-04 3.99E-04 3.46E-04 5.31E-04 5.55E-04 2.98E-04 5.74E-04 6.55E-04
60Co 1.93E-06 3.27E-06 7.30E-06 1.50E-05 2.74E-05 2.83E-05 2.30E-05 2.43E-05 5.36E-05 	8.64E-05 1.06E-04 6.69E-05 1.41E-04 1.40E-04 5.87E-05 1.69E-04 1.89E-04
61Co 3.19E-06 6.40E-08 5.17E-05 1.47E-05 2.00E-05 1.13E-05 3.74E-06 2.01E-05 2.75E-05 	2.89E-05 4.46E-05 1.97E-05 6.92E-05 7.21E-05 6.25E-06 3.61E-05 7.11E-05
56Ni 6.93E-02 4.32E-02 1.33E-01 1.15E-01 6.57E-02 1.00E-01 8.80E-02 2.05E-01 1.29E-01 	2.93E-11 4.40E-01 6.41E-12 5.83E-11 5.68E-01 2.27E-12 1.73E-11 6.91E-01
57Ni 4.79E-03 2.76E-03 6.00E-03 4.26E-03 1.67E-03 2.41E-03 1.93E-03 5.78E-03 2.93E-03 	1.32E-09 1.36E-02 1.25E-09 1.40E-09 1.72E-02 1.09E-09 9.97E-10 2.11E-02
58Ni 1.61E-02 6.47E-03 1.06E-02 6.16E-03 3.19E-03 3.79E-03 3.24E-03 8.73E-03 5.28E-03 	1.02E-03 2.26E-02 1.13E-03 1.13E-03 3.79E-02 1.15E-03 1.15E-03 3.57E-02
59Ni 3.46E-04 2.44E-04 3.86E-04 2.58E-04 8.18E-05 1.16E-04 9.46E-05 3.67E-04 1.74E-04 	1.85E-05 1.12E-03 2.16E-05 2.25E-05 1.49E-03 2.14E-05 2.09E-05 1.56E-03
60Ni 5.80E-04 5.70E-04 6.51E-04 6.63E-04 5.66E-04 8.95E-04 1.20E-03 2.52E-03 2.31E-03 	6.97E-04 1.09E-02 7.53E-04 9.06E-04 1.30E-02 7.14E-04 9.73E-04 1.31E-02
61Ni 1.90E-05 2.27E-05 2.73E-05 5.64E-05 1.01E-04 1.22E-04 1.19E-04 2.36E-04 2.82E-04 	2.48E-04 7.86E-04 2.24E-04 3.70E-04 9.79E-04 1.89E-04 4.23E-04 7.19E-04
62Ni 5.19E-05 5.29E-05 8.81E-05 1.72E-04 2.83E-04 3.91E-04 7.20E-04 9.61E-04 8.29E-04 	7.77E-04 2.48E-03 5.28E-04 1.05E-03 3.24E-03 4.10E-04 9.26E-04 2.11E-03
63Ni 8.57E-06 9.53E-06 1.85E-05 7.96E-05 1.42E-04 1.02E-04 6.86E-05 5.99E-05 2.79E-04 	2.97E-04 3.45E-04 3.04E-04 5.67E-04 5.64E-04 2.38E-04 7.10E-04 7.49E-04
64Ni 2.28E-05 2.54E-05 4.68E-05 1.54E-04 2.36E-04 2.52E-04 2.87E-04 4.99E-04 8.98E-04 	1.18E-03 1.48E-03 9.51E-04 1.88E-03 1.91E-03 7.15E-04 1.92E-03 2.27E-03
65Ni 5.75E-06 6.62E-08 2.51E-05 1.11E-05 1.29E-05 1.98E-05 4.02E-06 1.95E-05 2.06E-05 	5.25E-06 7.15E-06 7.17E-06 1.57E-05 1.62E-05 6.33E-06 2.43E-05 2.96E-05
59Cu 1.92E-05 8.22E-06 2.11E-05 7.46E-06 2.49E-06 2.06E-06 2.27E-07 1.03E-06 8.69E-11 	3.67E-13 4.91E-10 4.94E-13 6.00E-13 1.34E-12 4.15E-13 4.97E-13 9.80E-13
60Cu 1.94E-03 1.25E-03 2.74E-03 2.03E-03 4.23E-04 7.50E-04 2.94E-04 1.91E-03 9.24E-08 	7.36E-09 1.31E-05 5.07E-09 1.07E-08 2.44E-07 2.96E-09 1.04E-08 1.68E-03
61Cu 2.12E-04 1.28E-04 2.47E-04 1.73E-04 3.36E-05 5.91E-05 2.85E-05 1.77E-04 2.52E-05 	5.83E-08 1.73E-04 2.39E-08 7.54E-08 2.02E-04 1.23E-08 5.86E-08 6.02E-04
62Cu 1.91E-05 9.23E-06 1.18E-05 6.93E-06 1.37E-06 2.32E-06 1.94E-06 1.21E-05 4.80E-06 	2.12E-08 3.83E-05 8.66E-09 2.80E-08 5.57E-05 4.57E-09 1.81E-08 7.38E-05
63Cu 8.06E-06 9.06E-06 8.93E-06 1.33E-05 1.95E-05 3.69E-05 3.71E-05 5.87E-05 6.94E-05 	5.70E-05 9.30E-05 6.25E-05 8.03E-05 1.22E-04 5.93E-05 8.67E-05 1.28E-04
64Cu 2.40E-07 1.17E-07 6.76E-07 1.35E-06 3.31E-06 5.49E-06 2.35E-06 8.68E-06 1.10E-05 	6.22E-06 9.85E-06 4.50E-06 1.18E-05 1.20E-05 3.02E-06 1.00E-05 1.50E-05
65Cu 5.86E-06 6.96E-06 1.20E-05 3.89E-05 6.11E-05 6.20E-05 1.11E-04 1.33E-04 2.14E-04 	2.01E-04 2.63E-04 2.16E-04 3.86E-04 4.10E-04 1.91E-04 4.39E-04 5.51E-04
66Cu 2.34E-07 1.10E-08 9.71E-07 1.54E-06 2.34E-06 2.51E-06 9.79E-07 2.61E-06 4.56E-06 	4.06E-07 1.16E-06 5.39E-07 1.92E-06 2.36E-06 5.93E-07 2.17E-06 3.91E-06
60Zn 2.22E-04 1.33E-04 5.38E-04 3.35E-04 8.05E-05 1.04E-04 1.63E-05 1.09E-04 2.22E-12 	6.22E-15 4.70E-08 2.29E-15 7.18E-15 1.19E-13 9.28E-16 4.43E-15 2.31E-09
61Zn 1.02E-05 5.81E-06 1.53E-05 6.84E-06 1.59E-06 1.72E-06 1.47E-07 1.11E-06 7.36E-14 	4.38E-15 5.39E-11 9.38E-16 3.60E-15 5.02E-15 3.40E-16 1.72E-15 7.25E-14
62Zn 2.29E-03 1.04E-03 1.65E-03 9.02E-04 1.87E-04 2.80E-04 1.48E-04 9.99E-04 2.64E-04 	2.29E-09 2.13E-03 1.83E-09 3.92E-09 3.09E-03 1.36E-09 3.77E-09 4.14E-03
63Zn 1.39E-05 8.48E-06 9.84E-06 6.35E-06 1.24E-06 1.98E-06 6.67E-07 4.79E-06 1.86E-08 	6.54E-09 6.19E-08 5.96E-09 1.19E-08 5.26E-08 4.38E-09 1.45E-08 7.48E-06
64Zn 2.49E-05 2.11E-05 2.83E-05 2.93E-05 2.58E-05 3.60E-05 4.41E-05 6.08E-05 6.98E-05 	5.58E-05 1.15E-04 6.66E-05 8.18E-05 1.44E-04 6.56E-05 1.03E-04 1.75E-04
65Zn 5.48E-07 5.16E-07 6.61E-07 1.36E-06 2.55E-06 2.97E-06 5.18E-06 5.56E-06 9.80E-06 	7.04E-06 1.10E-05 1.01E-05 1.72E-05 2.02E-05 1.03E-05 2.52E-05 3.01E-05
66Zn 1.02E-05 1.25E-05 1.67E-05 4.35E-05 8.00E-05 1.20E-04 2.72E-04 2.63E-04 3.35E-04 	3.26E-04 4.57E-04 3.51E-04 5.94E-04 6.92E-04 3.06E-04 7.45E-04 9.00E-04
67Zn 1.55E-06 1.80E-06 2.29E-06 9.70E-06 1.75E-05 2.13E-05 1.83E-05 2.48E-05 9.06E-05 	1.09E-04 1.27E-04 1.16E-04 2.03E-04 2.02E-04 9.81E-05 2.64E-04 2.75E-04
68Zn 8.68E-06 9.89E-06 1.61E-05 6.58E-05 1.04E-04 1.29E-04 2.63E-04 3.96E-04 6.96E-04 	9.98E-04 1.32E-03 7.60E-04 1.64E-03 1.71E-03 5.28E-04 1.53E-03 1.98E-03
69Zn 1.48E-06 3.58F.,-08 6.34E-06 4.37E-06 6.05E-06 1.09E-05 3.47E-06 1.45E-05 2.65E-05 7.74E-06 1.14E-05 1.16E-05 2.87E-05 2.95E-05 8.10E-06 4.01E-05 4.85E-05
64Ga 2.89E-06 1.66E-06 5.83E-06 4.01E-06 6.80E-07 9.92E-07 1.31E-07 1.31E-06 1.42E-10 	7.08E-10 1.07E-09 5.33E-10 1.23E-09 1.37E-09 3.53E-10 1.38E-09 8.31E-08
65Ga 8.85E-07 6.82E-07 7.30E-07 4.80E-07 6.72E-08 1.21E-07 2.96E-08 3.04E-07 1.19E-09 	1.86E-08 4.64E-05 1.29E-08 3.13E-08 6.08E-05 8.05E-09 3.48E-08 3.66E-05
66Ga 1.81E-06 1.02E-06 1.18E-06 7.52E-07 1.18E-07 2.22E-07 9.31E-07 6.76E-06 5.29E-06 	2.52E-07 4.90E-07 9.89E-08 4.06E-07 5.73E-07 4.56E-08 2.65E-07 5.10E-07
67Ga 3.59E-08 4.06E-08 1.75E-08 3.11E-08 5.03E-08 1.72E-07 1.90E-07 3.01E-07 2.37E-07 	1.74E-07 3.01E-07 8.86E-08 3.39E-07 3.59E-07 4.78E-08 2.54E-07 3.84E-07
68Ga 2.50E-09 1.73E-09 5.32E-09 2.93E-08 5.33E-08 1.15E-07 1.67E-07 2.21E-07 2.51E-07 	6.48E-05 8.62E-05 7.75E-05 1.41E-04 1.48E-04 7.31E-05 1.76E-04 2.23E-04
69Ga 1.15E-06 1.31E-06 2.59E-06 8.70E-06 1.45E-05 2.10E-05 4.03E-05 4.44E-05 7.31E-05 	5.15E-06 9.99E-06 7.67E-06 2.60E-05 2.72E-05 3.99E-06 2.30E-05 3.53E-05
70Ga 2.17E-07 2.07E-08 7.37E-07 1.98E-06 2.65E-06 6.70E-06 2.03E-06 4.22E-06 1.31E-05 	8.13E-18 1.10E-14 3.86E-18 1.19E-17 1.62E-17 1.81E-18 7.85E-18 1.71E-17
64Ge 1.19E-07 1.11E-07 4.06E-07 1.86E-07 3.43E-08 3.31E-08 1.30E-09 1.47E-08 2.16E-16 	4.78E-21 3.45E-20 1.26E-21 7.54E-21 1.28E-20 4.17E-22 3.79E-21 9.88E-21
65Ge 3.45E-09 1.09E-09 1.23E-09 8.60E-11 1.04E-11 5.76E-12 3.13E-14 5.78E-13 1.07E-18 	5.11E-12 9.92E-06 1.30E-12 7.67E-12 1.23E-05 4.60E-13 4.74E-12 5.17E-05
66Ge 4.56E-05 2.26E-05 3.38E-05 1.94E-05 3.11E-06 5.14E-06 1.73E-06 1.63E-05 1.16E-06 	1.09E-11 2.27E-11 2.63E-12 1.53E-11 1.83E-11 8.76E-13 7.67E-12 4.79E-09
68Ge 1.13E-07 2.19E-08 1.27E-08 8.71E-09 1.03E-08 2.69E-08 4.04E-08 3.49E-08 3.21E-08 	7.99E-09 3.52E-08 5.66E-09 2.11E-08 9.33E-08 3.91E-09 1.83E-08 6.73E-08
69Ge 2.52E-09 4.36E-09 6.61E-09 3.93E-08 6.49E-08 9.95E-08 6.40E-07 6.62E-07 3.44E-07 	1.87E-07 4.39E-07 8.69E-08 3.55E-07 4.96E-07 5.10E-08 2.30E-07 5.61E-07
70Ge 1.48E-06 2.19E-06 3.41E-06 1.51E-05 2.29E-05 3.79E-05 1.71E-04 2.14E-04 1.41E-04 	1.44E-04 2.66E-04 1.13E-04 2.71E-04 3.36E-04 9.12E-05 2.33E-04 4.26E-04
71Ge 2.83E-06 4.09E-06 6.38E-06 3.97E-05 6.06E-05 7.87E-05 8.02E-05 1.18E-04 4.92E-04 	8.14E-04 9.71E-04 7.25E-04 1.39E-03 1.38E-03 5.57E-04 1.61E-03 1.74E-03
m_ej 9.74 10.7 11.6 13.6 16.3 17.1 18.0 20.1 23.1 25.9 28.2 27.8 31.3 33.2 27.7 32.5 36.0 

