M_Fe_  1.34E+00 1.40E+00 1.40E+00 1.36E+00 1.46E+00 1.50E+00 1.56E+00 2.08E+00
E_kin_ 0.50E+00 0.74E+00 0.97E+00 1.10E+00 1.58E+00 1.28E+00 2.59E+00 5.22E+00
M_cut_ 1.48E+00 1.62E+00 1.72E+00 1.58E+00 1.86E+00 1.70E+00 2.16E+00 2.44E+00
^1^H   7.05E+00 8.01E+00 1.01E+01 2.74E+00 3.58E+00 1.16E+01 2.00E+01 2.87E+01
^2^H   9.03E-17 8.29E-17 9.88E-17 1.90E-16 3.19E-16 4.67E-16 1.08E-15 1.47E-14
^3^H   1.33E-29 6.99E-29 8.66E-28 8.70E-27 2.54E-25 2.50E-25 1.04E-24 6.68E-22
^3^He  3.12E-05 3.04E-05 2.93E-05 2.81E-05 2.79E-05 2.78E-05 2.81E-05 3.00E-05
^4^He  4.11E+00 4.71E+00 6.29E+00 7.79E+00 9.31E+00 1.07E+01 1.54E+01 2.43E+01
^6^Li  1.08E-19 3.04E-19 1.43E-18 5.27E-18 5.07E-17 3.04E-17 8.60E-17 6.32E-16
^7^Li  8.39E-17 1.62E-16 2.88E-16 3.96E-14 4.20E-14 6.96E-15 7.18E-15 2.85E-14
^7^Be  4.27E-11 1.33E-10 2.47E-10 2.88E-10 2.87E-10 2.94E-10 3.25E-10 3.72E-10
^9^Be  2.66E-40 4.65E-39 7.08E-38 4.35E-36 4.69E-33 2.70E-34 1.70E-33 3.25E-31
^10^Be 1.15E-59 1.34E-59 1.83E-59 2.34E-59 2.81E-59 3.33E-59 4.78E-59 7.76E-59
^10^B  2.47E-23 1.63E-22 1.12E-21 7.67E-21 1.39E-18 1.21E-19 8.91E-19 3.99E-17
^11^B  3.93E-16 1.36E-15 7.56E-15 7.30E-14 2.20E-13 1.79E-13 9.02E-13 2.23E-12
^12^C  7.52E-02 1.56E-01 2.99E-01 4.39E-01 6.99E-01 6.21E-01 1.44E+00 2.43E+00
^13^C  5.09E-09 1.50E-08 8.77E-10 9.39E-03 2.84E-03 8.57E-04 7.83E-08 4.07E-08
^14^C  9.23E-12 1.74E-12 3.62E-09 8.29E-04 1.10E-03 8.43E-03 4.29E-06 1.95E-08
^13^N  1.25E-10 2.52E-10 4.92E-12 1.82E-10 4.63E-10 4.10E-11 1.83E-11 6.05E-10
^14^N  3.29E-08 4.32E-08 5.95E-08 1.20E-01 1.76E-01 2.77E-02 6.41E-06 6.63E-06
^15^N  8.60E-10 2.15E-09 6.02E-09 8.23E-06 3.66E-05 5.95E-05 2.49E-07 3.42E-07
^16^N  3.90E-33 2.20E-34 3.01E-34 3.48E-24 1.29E-28 7.31E-29 1.81E-30 5.52E-32
^15^O  5.91E-15 9.55E-14 6.31E-14 3.99E-12 1.56E-11 7.58E-14 2.14E-12 1.59E-10
^16^O  1.38E-01 2.91E-01 9.31E-01 1.97E+00 2.97E+00 4.35E+00 8.60E+00 1.82E+01
^17^O  3.81E-10 6.66E-10 1.29E-06 2.44E-04 2.85E-04 1.17E-03 3.87E-05 1.67E-07
^18^O  1.37E-08 1.65E-08 2.78E-08 7.85E-07 6.99E-07 6.23E-04 1.65E-07 7.39E-08
^19^O  5.55E-24 6.35E-32 2.23E-29 1.92E-19 1.11E-27 3.85E-24 1.53E-25 7.99E-24
^17^F  3.44E-23 1.68E-21 2.19E-18 1.65E-14 2.05E-14 5.26E-15 6.79E-17 1.70E-15
^18^F  9.69E-12 1.67E-11 2.98E-11 6.56E-09 3.38E-08 3.14E-08 2.08E-08 2.43E-08
^19^F  4.19E-11 3.09E-11 3.46E-10 1.36E-07 4.23E-07 7.15E-07 5.23E-08 5.69E-09
^20^F  6.89E-23 1.42E-30 1.82E-29 2.33E-20 2.40E-26 6.13E-27 6.17E-26 9.16E-25
^20^Ne 3.17E-02 8.46E-03 3.19E-01 6.20E-01 3.59E-01 1.38E+00 1.22E+00 1.55E+00
^21^Ne 1.20E-06 9.66E-08 1.19E-05 1.64E-04 5.50E-06 4.37E-05 1.74E-05 1.23E-05
^22^Ne 2.51E-07 1.93E-07 2.20E-06 7.38E-05 1.40E-05 1.05E-04 6.69E-06 5.01E-06
^23^Ne 7.11E-19 3.53E-23 6.85E-23 4.74E-16 9.89E-22 1.05E-21 4.91E-22 6.93E-19
^21^Na 3.01E-12 3.95E-12 4.99E-17 1.11E-13 3.15E-12 2.11E-16 6.86E-15 2.95E-13
^22^Na 7.38E-08 2.25E-08 8.49E-07 1.23E-06 7.52E-06 8.40E-06 2.01E-05 2.05E-05
^23^Na 1.53E-04 2.34E-05 1.16E-03 4.53E-03 1.30E-03 3.06E-03 2.33E-03 1.80E-03
^24^Na 4.78E-09 6.86E-11 5.83E-09 1.11E-07 5.26E-09 4.00E-08 3.10E-09 8.89E-10
^23^Mg 2.23E-15 3.04E-15 1.40E-14 4.09E-14 3.63E-16 8.07E-19 3.51E-19 1.57E-15
^24^Mg 1.82E-02 3.60E-02 9.89E-02 9.22E-02 1.33E-01 2.13E-01 2.02E-01 3.66E-01
^25^Mg 4.71E-05 3.32E-05 3.29E-04 5.88E-04 1.01E-04 3.66E-04 7.25E-05 8.89E-05
^26^Mg 8.20E-05 2.17E-05 6.79E-04 5.75E-04 1.95E-04 1.16E-03 1.57E-04 1.19E-04
^27^Mg 9.82E-14 3.47E-14 4.12E-13 8.78E-13 5.00E-14 5.07E-12 6.53E-14 5.12E-13
^25^Al 7.80E-16 5.98E-16 3.03E-20 1.93E-16 1.83E-15 6.42E-19 2.44E-18 2.39E-18
^26^Al 1.02E-05 1.49E-05 2.87E-05 5.18E-05 1.14E-04 2.06E-05 9.10E-05 7.76E-05
^27^Al 6.64E-04 1.42E-03 3.11E-03 2.50E-03 2.31E-03 3.49E-03 1.85E-03 3.61E-03
^28^Al 6.45E-13 5.39E-12 1.07E-11 2.21E-11 1.14E-11 1.76E-12 9.10E-14 3.36E-12
^27^Si 1.23E-17 8.15E-17 5.58E-15 1.29E-14 8.00E-17 4.22E-24 9.83E-25 1.16E-22
^28^Si 4.38E-02 8.36E-02 1.11E-01 1.59E-01 3.22E-01 1.71E-01 4.44E-01 8.19E-01
^29^Si 1.94E-04 4.62E-04 5.21E-04 5.50E-04 9.83E-04 3.86E-04 1.06E-03 1.83E-03
^30^Si 2.52E-04 8.97E-04 5.55E-04 4.38E-04 7.32E-04 1.92E-04 3.79E-04 7.75E-04
^31^Si 8.30E-10 2.47E-09 3.55E-09 1.34E-09 8.51E-10 1.22E-09 2.91E-10 5.22E-10
^32^Si 9.06E-12 4.67E-11 1.69E-11 1.29E-11 3.02E-11 2.36E-12 9.59E-12 1.36E-11
^29^P  1.38E-20 7.70E-21 9.22E-23 1.74E-18 1.08E-21 1.58E-23 8.54E-24 9.86E-25
^30^P  7.71E-13 4.51E-12 1.28E-11 3.68E-11 2.95E-11 2.42E-12 1.50E-12 1.66E-10
^31^P  6.91E-05 2.27E-04 1.68E-04 1.63E-04 2.88E-04 1.05E-04 2.28E-04 4.33E-04
^32^P  2.11E-08 6.83E-08 4.40E-08 3.45E-08 7.29E-08 1.34E-08 4.43E-08 6.74E-08
^33^P  1.28E-08 4.10E-08 2.10E-08 2.18E-08 5.20E-08 4.12E-09 3.02E-08 3.18E-08
^34^P  3.88E-23 2.67E-21 2.55E-20 4.38E-20 2.63E-21 1.10E-28 2.62E-27 9.77E-27
^31^S  1.32E-22 6.29E-20 5.36E-18 8.84E-18 1.05E-19 2.68E-31 1.84E-32 2.89E-32
^32^S  1.56E-02 2.82E-02 3.93E-02 5.84E-02 1.34E-01 7.82E-02 2.04E-01 3.91E-01
^33^S  3.91E-05 6.66E-05 8.23E-05 1.08E-04 2.08E-04 9.71E-05 2.14E-04 3.77E-04
^34^S  1.24E-04 2.85E-04 1.73E-04 2.60E-04 5.65E-04 2.33E-04 3.96E-04 6.42E-04
^35^S  2.94E-09 1.51E-08 3.74E-09 4.09E-09 6.85E-09 1.28E-09 5.07E-09 6.63E-09
^36^S  1.75E-09 5.53E-09 1.90E-09 1.73E-09 3.96E-09 6.75E-10 1.52E-09 1.03E-09
^37^S  7.11E-24 1.61E-23 6.55E-24 9.54E-23 1.10E-23 2.27E-25 8.16E-26 9.83E-26
^33^Cl 3.93E-27 1.15E-27 8.47E-28 1.23E-24 2.41E-25 1.64E-29 5.31E-31 1.02E-34
^34^Cl 4.85E-27 2.20E-25 2.64E-23 7.14E-23 2.12E-25 4.29E-30 5.15E-39 1.38E-40
^35^Cl 9.03E-06 2.77E-05 1.58E-05 2.51E-05 5.60E-05 3.25E-05 4.36E-05 8.96E-05
^36^Cl 1.90E-08 3.96E-08 2.64E-08 3.14E-08 5.85E-08 2.04E-08 4.34E-08 5.98E-08
^37^Cl 1.74E-08 3.37E-08 2.53E-08 2.96E-08 5.89E-08 1.35E-08 4.23E-08 4.49E-08
^38^Cl 1.26E-16 4.25E-16 1.37E-16 2.37E-16 3.97E-16 2.38E-17 5.53E-17 2.51E-17
^36^Ar 2.88E-03 5.22E-03 7.41E-03 9.93E-03 2.34E-02 1.48E-02 3.84E-02 7.30E-02
^37^Ar 2.16E-06 4.05E-06 4.71E-06 8.21E-06 2.30E-05 1.50E-05 2.45E-05 5.57E-05
^38^Ar 4.67E-05 1.06E-04 6.86E-05 1.43E-04 4.76E-04 2.70E-04 2.60E-04 5.47E-04
^39^Ar 5.96E-11 1.53E-10 6.49E-11 1.03E-10 1.99E-10 1.35E-10 1.78E-10 2.99E-10
^40^Ar 1.24E-11 2.72E-11 1.19E-11 1.21E-11 2.34E-11 8.40E-12 1.17E-11 1.11E-11
^41^Ar 5.14E-18 2.21E-17 2.57E-18 2.95E-18 3.24E-18 1.79E-19 7.09E-19 3.91E-19
^37^K  4.27E-36 3.97E-38 1.70E-36 1.56E-35 5.41E-36 5.26E-41 4.82E-47 7.73E-48
^38^K  4.36E-14 2.33E-14 7.91E-14 4.58E-13 7.21E-13 3.97E-14 8.18E-14 6.93E-14
^39^K  6.02E-06 1.25E-05 1.19E-05 2.30E-05 7.16E-05 4.54E-05 5.61E-05 1.27E-04
^40^K  5.12E-10 1.15E-09 6.99E-10 1.20E-09 3.12E-09 2.41E-09 2.62E-09 5.36E-09
^41^K  6.44E-11 1.05E-10 8.15E-11 1.18E-10 2.72E-10 2.02E-10 2.48E-10 5.02E-10
^42^K  9.67E-15 1.96E-14 9.49E-15 1.08E-14 1.99E-14 4.41E-15 1.25E-14 1.28E-14
^40^Ca 2.45E-03 4.47E-03 6.55E-03 8.08E-03 1.91E-02 1.25E-02 3.35E-02 6.34E-02
^41^Ca 4.36E-07 8.73E-07 1.03E-06 1.74E-06 5.32E-06 3.97E-06 6.06E-06 1.49E-05
^42^Ca 1.08E-06 2.51E-06 1.63E-06 3.40E-06 1.26E-05 8.25E-06 6.84E-06 1.54E-05
^43^Ca 1.95E-09 3.30E-09 1.57E-08 1.49E-08 3.85E-08 4.25E-08 4.34E-08 1.16E-07
^44^Ca 2.22E-10 4.63E-10 2.66E-10 4.42E-10 1.32E-09 1.11E-09 9.75E-10 2.05E-09
^45^Ca 4.27E-14 8.33E-14 2.89E-14 3.70E-14 8.20E-14 9.01E-14 5.32E-14 6.73E-14
^46^Ca 8.64E-15 2.45E-14 5.31E-15 6.34E-15 3.85E-14 4.56E-13 7.00E-15 5.02E-15
^47^Ca 1.62E-18 5.97E-18 9.12E-19 1.05E-18 1.73E-17 1.77E-17 1.51E-18 9.37E-19
^48^Ca 2.21E-20 8.70E-20 8.94E-21 1.32E-16 7.84E-15 2.43E-13 7.24E-21 3.58E-21
^49^Ca 8.22E-33 8.02E-32 1.23E-32 1.99E-29 1.11E-28 3.32E-30 2.45E-33 3.01E-31
^41^Sc 1.38E-50 1.24E-53 3.49E-52 1.18E-52 8.01E-55 5.98E-57 4.78E-59 7.76E-59
^42^Sc 1.39E-41 1.15E-42 2.35E-41 2.93E-42 1.19E-45 2.08E-51 4.78E-59 1.03E-58
^43^Sc 6.85E-10 1.03E-09 7.14E-09 6.49E-09 1.65E-08 1.85E-08 1.91E-08 5.20E-08
^44^Sc 3.35E-11 6.54E-11 6.36E-11 1.06E-10 3.11E-10 2.84E-10 2.83E-10 6.43E-10
^45^Sc 1.77E-08 3.31E-08 4.41E-08 6.24E-08 1.74E-07 1.35E-07 2.01E-07 4.32E-07
^46^Sc 4.97E-13 8.53E-13 3.83E-13 5.39E-13 1.22E-12 5.89E-13 8.58E-13 1.28E-12
^47^Sc 6.04E-14 1.15E-13 3.50E-14 5.01E-14 1.24E-13 6.18E-14 5.71E-14 7.66E-14
^48^Sc 1.61E-16 3.25E-16 8.61E-17 8.68E-17 2.52E-16 1.87E-17 1.08E-16 9.09E-17
^49^Sc 2.18E-19 5.47E-19 9.22E-20 8.17E-20 2.85E-19 4.53E-21 4.66E-20 3.36E-20
^44^Ti 2.18E-06 3.97E-06 7.36E-06 1.03E-05 2.30E-05 1.57E-05 2.71E-05 5.11E-05
^45^Ti 5.54E-09 1.02E-08 1.41E-08 2.02E-08 5.54E-08 4.17E-08 6.30E-08 1.35E-07
^46^Ti 6.83E-07 1.61E-06 1.10E-06 2.30E-06 8.87E-06 5.73E-06 4.40E-06 1.02E-05
^47^Ti 2.61E-08 4.63E-08 9.79E-08 1.40E-07 2.67E-07 1.74E-07 2.94E-07 5.70E-07
^48^Ti 9.47E-10 2.24E-09 9.22E-10 1.80E-09 6.64E-09 4.70E-09 3.96E-09 7.92E-09
^49^Ti 1.65E-12 2.75E-12 1.00E-12 1.63E-12 4.53E-12 3.12E-12 2.74E-12 4.76E-12
^50^Ti 5.60E-13 9.78E-13 2.52E-13 3.21E-13 9.81E-13 6.86E-13 3.07E-13 3.65E-13
^51^Ti 1.39E-22 1.51E-22 1.43E-22 1.33E-22 2.71E-22 8.23E-25 6.41E-24 2.97E-23
^45^V  8.76E-45 4.27E-51 1.36E-49 8.26E-49 1.42E-52 3.33E-59 4.78E-59 7.76E-59
^46^V  1.34E-49 7.11E-50 3.11E-49 3.25E-50 3.31E-54 3.33E-59 4.78E-59 7.76E-59
^47^V  5.58E-12 8.82E-12 2.46E-11 3.99E-11 6.46E-11 3.64E-11 6.81E-11 1.30E-10
^48^V  1.38E-08 2.64E-08 4.73E-08 4.45E-08 9.70E-08 1.16E-07 4.41E-07 8.33E-07
^49^V  1.63E-06 2.90E-06 3.48E-06 5.38E-06 7.92E-06 5.66E-06 1.44E-05 2.49E-05
^50^V  9.10E-12 2.14E-11 7.01E-12 1.59E-11 6.10E-11 4.20E-11 2.00E-11 3.88E-11
^51^V  3.43E-11 8.70E-11 2.49E-11 5.68E-11 2.45E-10 1.57E-10 7.80E-11 1.54E-10
^52^V  2.13E-20 2.81E-20 6.53E-20 1.75E-19 3.12E-19 1.78E-21 3.41E-21 4.51E-21
^48^Cr 2.95E-05 5.70E-05 7.82E-05 1.10E-04 2.07E-04 1.46E-04 3.51E-04 6.08E-04
^49^Cr 3.34E-09 5.81E-09 7.20E-09 1.13E-08 1.67E-08 1.13E-08 2.85E-08 4.89E-08
^50^Cr 6.27E-06 1.30E-05 1.01E-05 3.32E-05 4.52E-05 2.55E-05 4.43E-05 9.89E-05
^51^Cr 3.22E-06 5.47E-06 6.38E-06 1.18E-05 1.44E-05 9.80E-06 2.64E-05 4.59E-05
^52^Cr 6.91E-07 1.67E-06 1.55E-06 2.45E-06 5.19E-06 3.49E-06 7.83E-06 1.37E-05
^53^Cr 1.94E-11 6.43E-11 9.35E-12 3.19E-11 1.38E-10 7.23E-11 2.18E-11 5.01E-11
^54^Cr 3.00E-13 9.27E-13 1.45E-13 3.77E-13 1.82E-12 9.29E-13 3.24E-13 6.34E-13
^55^Cr 6.54E-25 1.05E-24 1.04E-24 2.35E-24 7.58E-24 1.49E-26 8.41E-26 1.17E-23
^50^Mn 6.30E-59 1.70E-59 5.63E-59 2.35E-59 2.81E-59 3.33E-59 4.78E-59 7.76E-59
^51^Mn 8.67E-09 1.44E-08 1.74E-08 3.21E-08 3.85E-08 2.57E-08 7.04E-08 1.21E-07
^52^Mn 1.20E-04 2.57E-04 3.27E-04 4.73E-04 8.43E-04 6.12E-04 1.63E-03 2.78E-03
^53^Mn 3.61E-05 6.87E-05 8.32E-05 1.28E-04 1.85E-04 1.30E-04 3.60E-04 6.16E-04
^54^Mn 4.73E-10 1.48E-09 2.96E-10 1.10E-09 3.80E-09 2.12E-09 8.66E-10 2.32E-09
^55^Mn 8.89E-11 3.01E-10 5.31E-11 1.74E-10 7.36E-10 4.25E-10 1.73E-10 4.48E-10
^56^Mn 4.88E-17 1.43E-16 2.88E-17 7.39E-17 3.58E-16 1.94E-16 8.95E-17 1.95E-16
^57^Mn 9.31E-26 2.25E-25 3.47E-25 6.91E-25 2.07E-24 6.50E-28 5.34E-27 2.21E-27
^52^Fe 3.46E-04 7.42E-04 9.40E-04 1.37E-03 2.45E-03 1.75E-03 4.61E-03 7.87E-03
^53^Fe 4.58E-15 2.88E-15 1.34E-13 3.25E-12 3.14E-12 3.88E-14 5.48E-14 1.46E-13
^54^Fe 6.25E-04 1.18E-03 1.20E-03 2.95E-03 3.53E-03 2.00E-03 5.48E-03 1.15E-02
^55^Fe 2.79E-05 4.99E-05 6.17E-05 9.95E-05 1.29E-04 8.95E-05 2.68E-04 4.52E-04
^56^Fe 1.36E-06 4.44E-06 1.04E-06 4.29E-06 1.47E-05 7.28E-06 4.07E-06 1.32E-05
^57^Fe 8.25E-11 2.80E-10 5.22E-11 1.71E-10 6.78E-10 4.08E-10 1.93E-10 5.20E-10
^58^Fe 1.98E-12 7.17E-12 1.14E-12 3.36E-12 1.66E-11 1.00E-11 4.55E-12 1.21E-11
^59^Fe 3.26E-19 9.86E-19 1.88E-19 3.97E-19 2.95E-18 7.46E-17 8.05E-19 3.70E-18
^60^Fe 1.91E-16 1.16E-21 5.42E-22 4.68E-19 1.85E-16 7.36E-15 1.08E-18 4.68E-18
^61^Fe 1.69E-25 1.49E-34 5.26E-33 2.01E-31 4.19E-31 2.77E-31 2.90E-28 1.58E-25
^54^Co 1.15E-59 1.34E-59 1.83E-59 2.34E-59 2.81E-59 3.33E-59 4.78E-59 7.76E-59
^55^Co 1.32E-04 2.30E-04 2.97E-04 4.68E-04 5.80E-04 4.08E-04 1.28E-03 2.13E-03
^56^Co 3.52E-07 6.56E-07 1.40E-06 2.49E-06 5.45E-06 5.02E-06 1.45E-05 3.52E-05
^57^Co 2.39E-05 3.32E-05 7.81E-05 9.26E-05 2.01E-04 2.15E-04 2.28E-04 3.76E-04
^58^Co 1.77E-10 5.31E-10 1.41E-10 4.85E-10 1.49E-09 9.63E-10 5.90E-10 1.70E-09
^59^Co 3.58E-11 1.24E-10 2.68E-11 8.00E-11 3.20E-10 2.19E-10 1.32E-10 3.98E-10
^60^Co 3.36E-16 1.10E-15 2.14E-16 5.34E-16 2.46E-15 2.07E-15 1.18E-15 3.51E-15
^61^Co 9.03E-20 1.37E-19 5.82E-20 9.15E-20 6.62E-19 2.20E-19 1.59E-19 4.43E-19
^56^Ni 2.20E-02 3.85E-02 7.12E-02 9.54E-02 2.11E-01 1.81E-01 2.86E-01 4.86E-01
^57^Ni 4.29E-04 5.96E-04 1.40E-03 1.69E-03 3.65E-03 3.83E-03 4.01E-03 6.60E-03
^58^Ni 3.16E-04 3.01E-04 1.14E-03 7.15E-04 2.11E-03 4.26E-03 2.39E-03 3.94E-03
^59^Ni 1.40E-05 1.54E-05 5.11E-05 4.43E-05 1.03E-04 1.33E-04 1.04E-04 1.62E-04
^60^Ni 1.96E-04 3.04E-04 8.44E-04 1.22E-03 3.11E-03 2.64E-03 2.91E-03 5.38E-03
^61^Ni 4.13E-06 6.00E-06 1.93E-05 2.41E-05 5.97E-05 5.72E-05 5.60E-05 1.02E-04
^62^Ni 8.28E-07 9.75E-07 4.75E-06 3.28E-06 1.04E-05 1.95E-05 1.06E-05 1.81E-05
^63^Ni 2.49E-16 4.35E-18 1.95E-17 1.75E-18 4.09E-17 8.85E-16 3.73E-18 7.46E-17
^64^Ni 7.90E-14 6.58E-15 1.96E-15 3.16E-17 7.15E-15 2.22E-15 1.29E-15 1.55E-13
^65^Ni 3.56E-18 2.64E-21 2.41E-20 2.85E-23 7.04E-19 2.48E-24 4.19E-20 5.03E-18
^57^Cu 1.15E-59 1.34E-59 1.83E-59 2.34E-59 2.81E-59 3.33E-59 4.78E-59 7.76E-59
^58^Cu 5.58E-40 1.46E-43 5.26E-41 3.44E-41 1.51E-41 1.07E-47 1.88E-50 1.38E-49
^59^Cu 6.58E-27 1.79E-27 6.95E-26 3.41E-23 8.51E-23 2.84E-26 5.12E-27 2.71E-27
^60^Cu 4.28E-09 6.29E-09 1.88E-08 2.66E-08 6.77E-08 5.51E-08 6.09E-08 1.11E-07
^61^Cu 3.14E-06 4.56E-06 1.46E-05 1.85E-05 4.56E-05 4.32E-05 4.20E-05 7.67E-05
^62^Cu 2.94E-08 3.45E-08 1.70E-07 1.16E-07 3.68E-07 7.37E-07 3.82E-07 6.53E-07
^63^Cu 4.54E-08 7.93E-08 1.96E-07 2.84E-07 1.11E-06 3.40E-06 4.52E-07 8.09E-07
^64^Cu 2.39E-15 8.92E-18 1.61E-17 6.08E-18 8.07E-17 9.61E-17 5.23E-17 8.37E-16
^65^Cu 1.95E-13 1.11E-13 5.13E-13 3.05E-13 1.06E-12 1.77E-12 2.19E-12 4.20E-12
^66^Cu 2.08E-21 2.59E-24 9.51E-24 3.63E-25 8.50E-24 9.50E-25 5.45E-24 3.66E-20
^60^Zn 1.51E-25 8.10E-26 1.14E-24 1.71E-23 1.84E-23 8.58E-25 9.93E-25 1.39E-24
^61^Zn 1.00E-28 1.58E-29 1.05E-27 5.97E-25 1.49E-24 7.45E-28 1.45E-28 1.20E-28
^62^Zn 2.86E-05 3.38E-05 1.55E-04 1.24E-04 3.73E-04 6.09E-04 3.15E-04 5.38E-04
^63^Zn 6.48E-11 1.11E-10 2.82E-10 4.06E-10 1.59E-09 4.79E-09 6.37E-10 1.13E-09
^64^Zn 9.51E-07 1.93E-06 4.09E-06 8.41E-06 2.90E-05 2.91E-05 1.46E-05 2.62E-05
^65^Zn 3.92E-08 6.00E-08 2.11E-07 2.57E-07 7.40E-07 6.53E-07 6.00E-07 1.15E-06
^66^Zn 1.01E-07 1.34E-07 6.48E-07 5.28E-07 1.72E-06 2.56E-06 1.29E-06 2.23E-06
^67^Zn 1.79E-11 2.25E-11 1.32E-10 7.91E-11 2.82E-10 5.05E-10 1.77E-10 3.16E-10
^68^Zn 6.40E-14 5.66E-14 3.36E-13 1.66E-13 7.06E-13 2.22E-12 3.32E-13 7.04E-13
^69^Zn 1.39E-19 3.72E-21 2.11E-20 5.50E-22 1.69E-18 9.48E-21 2.57E-20 5.38E-18
^70^Zn 9.51E-19 2.40E-19 5.20E-20 6.37E-21 7.14E-18 3.64E-21 5.31E-20 8.81E-18
^71^Zn 1.79E-29 6.54E-30 1.30E-30 3.63E-31 5.12E-32 7.42E-30 3.60E-30 2.28E-26
^62^Ga 1.15E-59 1.34E-59 1.83E-59 2.34E-59 2.81E-59 3.33E-59 4.78E-59 7.76E-59
^63^Ga 2.88E-28 1.84E-39 1.78E-39 2.36E-36 1.35E-35 1.92E-39 2.76E-39 1.63E-32
^64^Ga 6.12E-27 3.88E-33 2.77E-31 4.92E-29 1.11E-28 2.17E-31 6.47E-32 1.59E-28
^65^Ga 7.55E-15 1.06E-14 4.19E-14 5.15E-14 1.46E-13 1.14E-13 1.04E-13 1.94E-13
^66^Ga 2.58E-07 3.43E-07 1.66E-06 1.35E-06 4.41E-06 6.55E-06 3.30E-06 5.70E-06
^67^Ga 3.02E-10 3.80E-10 2.22E-09 1.34E-09 4.77E-09 8.52E-09 3.00E-09 5.34E-09
^68^Ga 1.52E-14 1.64E-14 9.48E-14 4.99E-14 2.01E-13 6.75E-13 1.00E-13 1.47E-13
^69^Ga 2.30E-15 6.43E-16 5.79E-15 1.14E-15 1.53E-14 1.96E-14 2.30E-15 5.01E-14
^70^Ga 4.13E-20 4.14E-21 6.27E-21 1.92E-22 2.15E-19 1.52E-21 4.43E-21 1.16E-18
^71^Ga 3.39E-16 9.02E-16 3.16E-16 1.21E-17 1.12E-14 3.41E-16 3.29E-16 4.60E-14
^72^Ga 1.00E-18 6.61E-20 6.25E-19 4.97E-20 8.67E-17 9.25E-19 8.31E-19 1.42E-16
^64^Ge 7.24E-32 1.08E-39 1.44E-37 8.42E-35 1.18E-34 1.01E-37 1.50E-38 1.35E-35
^65^Ge 8.27E-33 1.85E-41 4.23E-42 8.23E-41 1.04E-39 9.13E-44 2.19E-46 2.26E-37
^66^Ge 5.06E-08 6.71E-08 3.25E-07 2.65E-07 8.64E-07 1.28E-06 6.47E-07 1.12E-06
^67^Ge 7.22E-17 8.31E-17 5.57E-16 3.24E-16 1.15E-15 1.90E-15 6.72E-16 1.16E-15
^68^Ge 9.33E-11 1.01E-10 5.84E-10 3.07E-10 1.23E-09 4.15E-09 6.17E-10 9.03E-10
^69^Ge 3.02E-15 2.90E-15 2.50E-14 7.48E-15 4.13E-14 1.42E-13 1.42E-14 2.26E-14
^70^Ge 7.93E-14 2.91E-14 2.80E-13 1.79E-14 2.58E-13 1.03E-13 1.91E-14 9.68E-13
^71^Ge 8.02E-17 3.56E-17 1.69E-16 2.31E-17 1.13E-15 9.83E-16 6.32E-17 2.34E-15
^72^Ge 9.43E-14 3.67E-14 3.52E-13 2.25E-14 3.09E-13 9.95E-14 2.34E-14 1.13E-12
^73^Ge 1.74E-16 1.05E-16 3.15E-16 1.71E-17 9.10E-15 5.13E-16 1.91E-16 2.74E-14
^74^Ge 1.17E-15 3.63E-14 2.53E-14 3.16E-16 6.74E-14 1.53E-14 1.16E-15 1.97E-13
^75^Ge 2.39E-19 8.77E-20 1.23E-18 4.05E-20 1.58E-17 2.99E-18 1.10E-19 2.91E-17
^76^Ge 1.02E-18 3.80E-18 1.92E-18 2.74E-19 3.74E-17 5.66E-19 1.17E-19 2.05E-17
^77^Ge 8.29E-22 8.08E-22 1.59E-21 8.42E-22 7.31E-20 2.54E-22 1.21E-22 2.08E-20
^71^As 1.18E-16 8.81E-17 9.26E-16 2.24E-16 1.85E-15 1.25E-14 5.37E-16 9.12E-16
^72^As 3.21E-18 4.53E-19 1.29E-18 3.97E-20 1.09E-16 1.39E-18 2.27E-18 3.14E-16
^73^As 1.94E-16 7.03E-17 7.37E-16 5.02E-17 2.60E-15 1.34E-15 1.23E-16 1.04E-14
^74^As 6.51E-18 3.89E-18 6.86E-18 2.16E-19 1.50E-16 3.43E-18 1.79E-18 1.98E-16
^75^As 3.29E-16 3.76E-15 3.19E-15 6.03E-17 9.11E-15 1.93E-15 1.49E-16 2.57E-14
^76^As 9.80E-18 9.82E-18 3.99E-17 1.17E-18 5.70E-16 5.21E-17 3.87E-18 5.73E-16
^77^As 4.57E-18 2.14E-17 9.52E-18 7.37E-19 1.49E-16 2.13E-18 4.92E-19 7.05E-17
^74^Se 2.16E-13 8.08E-14 8.02E-13 5.12E-14 6.99E-13 3.36E-13 5.41E-14 2.66E-12
^75^Se 1.97E-15 1.01E-15 7.24E-15 8.03E-16 7.61E-15 4.76E-15 9.18E-16 2.04E-14
^76^Se 3.55E-13 1.72E-13 1.39E-12 8.81E-14 1.18E-12 4.79E-13 9.73E-14 4.51E-12
^77^Se 3.76E-16 1.63E-14 7.13E-15 1.20E-16 1.32E-14 4.64E-15 2.42E-16 3.67E-14
^78^Se 5.69E-15 2.96E-13 4.62E-13 1.68E-15 5.84E-14 2.90E-14 2.34E-15 2.39E-13
^79^Se 1.36E-16 6.42E-17 1.07E-14 1.79E-17 2.09E-15 2.55E-15 2.68E-17 3.12E-15
^80^Se 4.77E-15 1.27E-12 1.35E-12 2.68E-14 5.45E-13 1.88E-13 4.50E-13 3.58E-13
^81^Se 1.04E-20 9.36E-20 1.41E-18 1.90E-20 7.71E-19 1.90E-18 1.28E-19 3.75E-18
^82^Se 7.88E-18 1.51E-16 1.72E-16 3.70E-17 4.42E-16 5.83E-18 1.06E-17 4.48E-17
^83^Se 2.19E-24 3.91E-23 7.70E-23 1.86E-23 3.17E-22 4.13E-24 4.49E-24 4.54E-24
^75^Br 6.61E-18 8.20E-18 3.42E-17 1.92E-17 5.66E-17 2.08E-16 2.33E-17 2.89E-17
^76^Br 1.21E-18 1.89E-19 4.43E-18 2.20E-19 1.36E-16 9.39E-18 2.37E-18 2.28E-16
^77^Br 1.15E-16 4.14E-17 5.78E-16 3.65E-17 1.85E-15 1.24E-15 9.21E-17 7.26E-15
^78^Br 4.61E-22 1.98E-22 2.29E-21 1.52E-22 5.28E-21 1.33E-22 3.60E-23 3.17E-20
^79^Br 2.14E-15 7.66E-14 1.22E-13 5.75E-16 1.54E-14 7.13E-15 7.30E-16 7.94E-14
^80^Br 1.01E-19 2.20E-19 3.34E-18 6.03E-20 3.24E-18 4.55E-19 1.72E-19 3.43E-18
^81^Br 6.10E-15 3.28E-13 4.63E-13 4.78E-15 1.09E-13 3.66E-14 7.18E-14 1.02E-13
^82^Br 1.04E-16 5.26E-16 4.05E-15 1.11E-16 4.29E-15 6.06E-16 2.33E-16 1.78E-15
^83^Br 2.25E-17 1.54E-16 3.59E-16 2.75E-17 5.00E-16 9.03E-18 1.35E-17 6.28E-17
^78^Kr 1.16E-13 4.13E-14 4.40E-13 2.72E-14 3.59E-13 2.07E-13 2.90E-14 1.38E-12
^79^Kr 3.25E-15 1.48E-15 1.34E-14 8.66E-16 9.27E-15 2.35E-15 1.02E-15 3.17E-14
^80^Kr 6.53E-13 5.02E-13 3.11E-12 1.71E-13 2.25E-12 9.51E-13 2.25E-13 8.87E-12
^81^Kr 3.75E-15 5.65E-14 9.87E-14 9.21E-16 1.63E-14 6.55E-15 2.33E-15 4.26E-14
^82^Kr 1.77E-13 9.50E-13 1.94E-12 8.19E-14 6.08E-13 8.23E-13 9.91E-13 2.77E-12
^83^Kr 1.06E-14 1.22E-13 3.33E-13 1.92E-14 2.75E-14 2.56E-13 4.25E-13 2.38E-13
^84^Kr 3.70E-14 2.56E-11 3.44E-11 7.68E-13 3.58E-12 2.50E-12 4.84E-12 5.30E-11
^85^Kr 9.97E-16 9.35E-15 6.54E-13 3.60E-14 6.36E-14 7.44E-14 3.51E-13 2.05E-13
^86^Kr 8.50E-15 3.27E-14 1.01E-12 2.23E-13 5.96E-13 7.27E-13 4.39E-12 7.23E-12
^87^Kr 1.44E-20 4.80E-21 5.67E-19 4.83E-19 1.55E-18 6.70E-19 5.48E-18 1.73E-17
^79^Rb 1.44E-22 1.13E-22 7.29E-22 2.61E-22 2.30E-21 1.50E-21 2.47E-22 2.12E-21
^80^Rb 2.97E-28 3.83E-28 2.55E-25 2.12E-27 6.55E-27 9.89E-32 2.26E-31 5.35E-28
^81^Rb 7.14E-18 2.45E-18 1.13E-16 3.24E-18 2.02E-16 9.30E-17 2.69E-17 5.15E-16
^82^Rb 6.32E-18 2.67E-18 2.72E-16 4.92E-18 6.47E-16 8.50E-17 1.31E-16 4.70E-16
^83^Rb 2.83E-15 3.01E-15 4.55E-14 1.46E-15 1.89E-14 1.85E-14 5.61E-15 7.95E-14
^84^Rb 2.20E-16 4.69E-16 7.72E-15 2.22E-16 2.06E-15 1.22E-15 1.06E-15 7.26E-15
^85^Rb 2.48E-14 7.76E-12 1.03E-11 2.05E-13 1.14E-12 4.48E-12 1.49E-12 2.19E-11
^86^Rb 1.62E-15 1.30E-14 3.59E-13 1.08E-14 9.41E-14 2.08E-13 8.88E-13 7.55E-13
^87^Rb 2.32E-15 1.35E-14 2.55E-13 1.90E-14 5.07E-14 4.35E-13 4.95E-12 2.90E-12
^88^Rb 1.77E-22 1.31E-21 3.46E-20 2.54E-21 9.06E-21 2.84E-19 2.32E-20 6.58E-18
^84^Sr 2.06E-12 6.49E-13 7.97E-12 4.88E-13 6.53E-12 5.01E-12 5.09E-13 2.69E-11
^85^Sr 1.16E-13 4.61E-14 5.42E-13 3.21E-14 3.16E-13 1.47E-13 6.64E-14 1.47E-12
^86^Sr 3.45E-12 1.20E-11 4.84E-11 3.45E-12 1.53E-11 2.77E-11 1.32E-11 2.39E-09
^87^Sr 1.58E-13 2.78E-12 3.23E-11 3.04E-12 1.11E-12 3.19E-11 1.30E-11 4.09E-09
^88^Sr 4.69E-11 8.80E-10 7.55E-10 6.97E-12 7.68E-11 6.46E-10 1.16E-09 3.22E-09
^89^Sr 2.37E-15 3.59E-16 9.61E-13 6.40E-15 1.23E-13 1.55E-12 1.02E-10 2.27E-12
^90^Sr 1.20E-16 1.50E-16 3.08E-14 5.88E-16 3.42E-15 3.63E-14 2.02E-11 2.27E-14
^91^Sr 1.68E-20 6.35E-21 1.96E-18 1.65E-19 1.36E-18 3.76E-18 3.26E-20 1.59E-18
^85^Y  1.14E-18 2.52E-19 9.12E-18 5.63E-19 1.89E-17 2.42E-17 7.27E-18 7.89E-17
^86^Y  7.90E-18 3.54E-18 1.01E-15 3.33E-17 9.86E-16 1.01E-15 3.11E-15 7.36E-15
^87^Y  2.77E-15 3.08E-15 2.05E-13 9.08E-15 3.01E-14 1.43E-13 1.73E-13 2.35E-12
^88^Y  5.14E-15 7.04E-15 5.09E-13 2.57E-14 4.21E-14 3.18E-13 2.98E-13 4.51E-12
^89^Y  4.70E-12 3.09E-11 7.98E-11 2.96E-12 9.93E-12 4.46E-11 2.18E-11 1.54E-09
^90^Y  3.45E-15 5.03E-15 1.21E-13 7.86E-15 1.15E-14 7.29E-14 2.52E-14 1.05E-12
^91^Y  9.33E-16 5.77E-15 2.57E-14 3.63E-15 2.71E-15 4.22E-15 3.38E-15 1.25E-13
^90^Zr 7.86E-11 6.08E-11 3.02E-10 3.03E-11 4.21E-10 4.32E-10 1.48E-10 2.57E-09
^91^Zr 7.27E-12 2.49E-12 1.44E-11 1.80E-12 4.01E-12 7.74E-11 8.48E-11 4.29E-10
^92^Zr 7.86E-11 1.87E-10 3.39E-10 1.85E-11 8.16E-11 1.03E-10 9.95E-11 4.16E-09
^93^Zr 2.49E-11 1.42E-10 1.98E-10 6.52E-12 4.11E-12 1.69E-11 2.51E-11 2.94E-09
^94^Zr 7.25E-11 1.61E-10 4.66E-10 2.03E-10 2.31E-09 5.08E-09 1.90E-09 8.41E-09
^95^Zr 1.76E-13 2.54E-14 8.23E-12 7.60E-13 2.42E-11 7.64E-11 4.37E-10 3.04E-11
^96^Zr 3.07E-14 5.08E-14 1.14E-12 3.51E-13 2.41E-12 8.10E-12 4.52E-10 1.19E-12
^97^Zr 5.74E-19 3.88E-19 6.83E-18 1.90E-17 6.56E-16 9.02E-17 4.04E-18 3.18E-17
^91^Nb 2.91E-13 1.34E-13 2.97E-12 4.07E-13 6.42E-12 7.23E-12 6.06E-13 2.32E-11
^92^Nb 1.59E-14 9.70E-15 2.74E-13 3.80E-14 7.92E-13 5.74E-13 6.26E-14 2.23E-12
^93^Nb 1.52E-11 6.61E-11 5.57E-11 1.44E-12 1.14E-11 9.40E-12 2.11E-12 9.04E-11
^94^Nb 1.29E-14 7.42E-15 8.04E-13 3.31E-14 7.00E-13 4.02E-13 7.15E-14 2.75E-12
^95^Nb 1.40E-13 2.78E-14 4.16E-12 5.18E-14 1.72E-12 2.65E-11 1.20E-11 3.03E-12
^96^Nb 3.76E-15 1.91E-16 7.24E-14 1.25E-15 7.34E-14 8.55E-13 3.09E-14 3.78E-14
^97^Nb 1.17E-16 5.12E-17 1.50E-15 7.27E-17 1.82E-15 3.08E-15 4.79E-17 5.10E-16
^92^Mo 2.84E-11 6.96E-12 8.61E-11 4.74E-12 6.46E-11 4.89E-11 4.12E-12 2.29E-10
^93^Mo 1.45E-12 3.91E-13 4.60E-12 2.57E-13 4.05E-12 2.74E-12 2.70E-13 1.17E-11
^94^Mo 2.44E-11 1.11E-11 9.27E-11 5.22E-12 7.12E-11 5.17E-11 4.04E-12 2.44E-10
^95^Mo 6.31E-12 9.47E-12 4.41E-11 2.56E-11 2.21E-10 5.19E-10 2.56E-11 7.93E-10
^96^Mo 5.76E-11 2.62E-11 3.58E-10 7.71E-11 8.08E-10 1.99E-09 3.74E-10 3.32E-09
^97^Mo 1.26E-09 8.76E-10 1.88E-09 3.93E-11 2.80E-10 7.98E-10 1.33E-09 1.26E-08
^98^Mo 1.02E-10 1.19E-11 8.82E-10 4.41E-11 1.10E-10 4.39E-10 8.92E-12 2.23E-10
