M_Fe_  1.14e+00 1.40e+00 1.40e+00 1.48e+00 1.56e+00 1.58e+00 1.48e+00 1.75e+00 1.92e+00
E_kin_ 1.00e+00 1.00e+00 1.00e+00 1.15e+00 1.63e+00 1.77e+00 4.22e+00 4.32e+00 5.48e+00
M_cut_ 1.38e+00 1.42e+00 1.57e+00 1.65e+00 1.79e+00 2.08e+00 2.21e+00 2.43e+00 2.81e+00
^1^H   6.15e+00 6.87e+00 8.46e+00 1.00e+01 1.13e+01 1.43e+01 2.04e+01 2.51e+01 3.58e+01
^2^H   3.59e-06 3.67e-06 5.91e-06 7.40e-06 8.90e-06 3.14e-16 3.98e-16 4.36e-16 1.76e-04
^3^H   1.51e-17 7.39e-17 4.35e-12 5.04e-12 5.70e-12 1.30e-30 4.25e-30 9.38e-30 1.03e-29
^3^He  3.54e-04 3.82e-04 4.45e-04 5.24e-04 5.71e-04 7.22e-04 1.12e-03 1.35e-03 1.53e-03
^4^He  4.77e+00 5.35e+00 7.31e+00 8.97e+00 1.00e+01 1.35e+01 2.26e+01 3.12e+01 5.04e+01
^6^Li  7.27e-11 7.44e-11 1.20e-10 1.51e-10 1.82e-10 1.73e-13 1.47e-14 1.91e-14 3.57e-09
^7^Li  1.03e-09 1.05e-09 1.81e-09 2.29e-09 2.78e-09 3.23e-09 4.31e-09 5.03e-09 5.07e-08
^7^Be  1.15e-18 6.46e-16 3.99e-14 1.07e-13 4.92e-12 2.06e-11 1.52e-11 2.27e-11 7.77e-12
^9^Be  1.93e-11 1.98e-11 6.31e-11 7.79e-11 9.21e-11 1.17e-10 1.65e-10 1.83e-10 9.53e-10
^10^Be 1.06e-59 1.19e-59 6.57e-60 8.74e-60 1.08e-59 1.39e-59 1.45e-59 2.01e-59 2.80e-59
^10^B  1.00e-10 1.07e-10 3.55e-10 5.85e-10 6.84e-10 8.62e-10 1.20e-09 1.36e-09 4.40e-09
^11^B  7.34e-09 8.19e-09 1.00e-08 1.20e-08 1.22e-08 1.67e-08 2.95e-08 3.66e-08 5.27e-08
^12^C  1.14e-01 1.86e-01 3.84e-01 5.89e-01 9.41e-01 1.20e+00 3.22e+00 4.52e+00 6.58e+00
^13^C  6.91e-04 7.82e-04 1.02e-03 1.26e-03 1.52e-03 1.86e-03 1.67e-03 1.63e-03 2.11e-03
^14^C  1.76e-06 7.11e-07 9.99e-07 1.08e-06 1.55e-06 1.75e-06 2.51e-05 2.69e-06 3.90e-07
^13^N  1.75e-14 3.63e-14 1.28e-13 1.12e-13 6.11e-13 8.26e-13 2.63e-12 4.50e-12 8.43e-13
^14^N  3.37e-02 3.56e-02 4.38e-02 5.30e-02 6.38e-02 9.97e-02 2.08e-01 2.87e-01 4.67e-01
^15^N  7.15e-06 7.99e-06 1.12e-05 1.30e-05 1.47e-05 1.90e-05 2.47e-05 3.10e-05 4.51e-05
^16^N  9.80e-35 2.85e-33 1.76e-31 1.69e-32 1.57e-27 2.27e-29 4.08e-33 9.92e-32 3.31e-31
^15^O  3.27e-16 3.18e-19 3.04e-16 4.40e-16 4.46e-15 6.97e-14 5.72e-15 1.08e-14 1.34e-14
^16^O  2.03e-01 4.95e-01 1.26e+00 2.35e+00 3.80e+00 6.00e+00 8.23e+00 1.23e+01 1.79e+01
^17^O  5.73e-05 5.83e-05 5.80e-05 5.68e-05 6.06e-05 6.35e-05 1.43e-04 9.65e-05 9.78e-05
^18^O  4.92e-03 5.62e-03 4.79e-03 3.01e-03 9.84e-04 3.03e-04 2.33e-04 2.64e-04 3.29e-04
^19^O  7.06e-26 9.34e-25 1.82e-23 3.96e-25 3.19e-19 2.38e-24 4.16e-25 6.10e-23 2.04e-21
^17^F  3.88e-28 5.99e-27 5.68e-25 1.00e-23 8.57e-21 2.89e-17 1.13e-18 2.01e-18 2.80e-18
^18^F  8.90e-08 4.40e-09 3.93e-08 1.84e-08 3.78e-07 6.34e-08 1.18e-07 1.16e-07 4.14e-08
^19^F  3.63e-06 4.03e-06 5.23e-06 6.54e-06 9.41e-06 1.88e-05 1.47e-05 1.86e-05 2.63e-05
^20^F  1.28e-26 3.09e-24 1.44e-25 1.22e-26 1.29e-19 3.52e-25 5.41e-27 1.10e-26 1.29e-22
^20^Ne 3.75e-02 2.17e-01 3.74e-01 6.90e-01 9.39e-01 1.38e+00 1.43e+00 1.67e+00 2.32e+00
^21^Ne 1.17e-04 2.50e-04 5.64e-04 1.33e-03 2.63e-03 3.31e-03 5.05e-03 8.55e-03 1.23e-02
^22^Ne 7.54e-03 1.33e-02 3.41e-02 4.89e-02 5.75e-02 5.95e-02 5.29e-02 6.67e-02 1.27e-01
^23^Ne 1.72e-19 1.49e-18 3.61e-16 1.87e-18 3.55e-15 5.39e-20 1.05e-18 1.94e-17 3.01e-15
^21^Na 2.97e-20 2.95e-19 7.48e-17 1.73e-18 1.45e-14 3.01e-19 1.05e-17 6.29e-16 2.65e-14
^22^Na 1.06e-07 1.02e-06 1.27e-06 2.53e-06 1.48e-06 1.91e-05 2.15e-05 2.05e-05 1.56e-05
^23^Na 1.12e-03 4.33e-03 6.33e-03 1.73e-02 2.41e-02 3.65e-02 4.19e-02 4.41e-02 4.14e-02
^24^Na 3.45e-07 3.50e-07 6.94e-07 2.10e-06 4.78e-06 1.74e-05 2.40e-05 3.10e-05 2.88e-05
^23^Mg 2.17e-15 3.84e-22 1.91e-15 1.31e-15 3.54e-15 4.04e-15 2.08e-15 4.89e-16 3.93e-17
^24^Mg 2.08e-02 5.41e-02 9.14e-02 1.05e-01 1.71e-01 2.01e-01 2.37e-01 3.57e-01 7.34e-01
^25^Mg 1.41e-03 5.47e-03 9.16e-03 1.40e-02 2.15e-02 3.28e-02 4.57e-02 6.97e-02 1.09e-01
^26^Mg 2.19e-03 5.56e-03 1.11e-02 1.93e-02 3.21e-02 5.49e-02 8.12e-02 1.43e-01 2.22e-01
^27^Mg 1.13e-13 4.39e-13 1.01e-13 4.46e-13 2.24e-11 5.78e-15 1.71e-14 4.58e-13 1.76e-10
^25^Al 6.61e-22 1.00e-20 2.63e-19 3.92e-20 7.31e-18 1.63e-20 7.60e-19 2.84e-18 1.28e-18
^26^Al 2.04e-05 3.29e-05 5.93e-05 6.28e-05 1.30e-04 1.60e-04 2.51e-04 4.11e-04 7.75e-04
^27^Al 2.04e-03 6.74e-03 1.20e-02 2.11e-02 3.14e-02 4.99e-02 5.57e-02 6.87e-02 7.97e-02
^28^Al 9.29e-14 1.54e-13 6.46e-12 6.54e-12 6.06e-11 5.96e-12 1.70e-11 1.35e-11 4.82e-11
^27^Si 7.96e-17 2.43e-24 3.68e-17 1.15e-17 1.52e-16 1.31e-16 2.40e-17 3.66e-19 4.93e-22
^28^Si 6.74e-02 9.77e-02 1.58e-01 1.68e-01 3.00e-01 3.87e-01 5.09e-01 7.41e-01 1.07e+00
^29^Si 1.09e-03 1.79e-03 3.42e-03 4.09e-03 6.79e-03 8.99e-03 1.23e-02 1.99e-02 3.12e-02
^30^Si 1.86e-03 2.47e-03 4.95e-03 5.78e-03 1.14e-02 1.15e-02 1.70e-02 2.88e-02 4.55e-02
^31^Si 4.05e-08 6.26e-08 1.52e-07 2.44e-07 4.22e-07 6.37e-07 8.91e-07 1.93e-06 3.11e-06
^32^Si 2.44e-09 6.25e-09 2.08e-08 2.16e-08 2.84e-08 1.06e-07 1.56e-07 2.36e-07 5.54e-07
^29^P  8.67e-25 7.68e-25 1.45e-22 1.91e-24 1.97e-20 1.43e-24 4.59e-23 1.62e-22 1.81e-22
^30^P  4.63e-12 1.30e-14 9.77e-12 1.28e-11 2.20e-11 4.73e-11 4.82e-11 6.14e-11 8.61e-11
^31^P  3.44e-04 4.67e-04 8.98e-04 1.15e-03 2.04e-03 2.40e-03 3.19e-03 4.84e-03 7.43e-03
^32^P  3.32e-07 6.07e-07 1.86e-06 1.55e-06 2.40e-06 9.33e-06 1.54e-05 2.73e-05 4.11e-05
^33^P  2.26e-07 2.77e-07 7.70e-07 7.38e-07 1.41e-06 3.29e-06 5.91e-06 1.17e-05 1.58e-05
^34^P  2.15e-21 2.96e-23 1.44e-20 9.59e-21 5.30e-20 2.30e-20 2.62e-20 3.09e-21 2.40e-20
^31^S  5.37e-21 5.35e-31 2.32e-21 3.71e-22 1.51e-20 8.46e-21 7.06e-22 7.36e-25 1.67e-29
^32^S  2.59e-02 4.20e-02 6.27e-02 6.33e-02 1.04e-01 1.54e-01 2.00e-01 2.98e-01 4.53e-01
^33^S  1.49e-04 1.77e-04 3.43e-04 4.47e-04 7.82e-04 9.44e-04 1.40e-03 1.92e-03 2.54e-03
^34^S  1.05e-03 7.83e-04 2.08e-03 2.60e-03 4.26e-03 5.45e-03 7.11e-03 1.00e-02 1.43e-02
^35^S  1.60e-07 3.88e-07 1.06e-06 1.31e-06 1.49e-06 5.31e-06 7.42e-06 1.13e-05 1.27e-05
^36^S  9.79e-07 1.80e-06 3.47e-06 5.88e-06 7.53e-06 1.21e-05 1.50e-05 1.82e-05 2.14e-05
^37^S  3.08e-20 2.97e-18 1.94e-19 2.78e-18 1.04e-15 1.25e-22 2.13e-21 1.34e-19 1.31e-16
^33^Cl 4.46e-29 8.04e-28 7.67e-26 1.27e-27 1.33e-24 3.79e-28 9.07e-26 5.40e-26 1.08e-27
^34^Cl 9.42e-27 1.49e-33 2.96e-28 3.24e-29 1.75e-26 9.53e-27 1.18e-28 5.34e-31 6.52e-33
^35^Cl 1.18e-04 1.34e-04 2.29e-04 2.92e-04 4.15e-04 5.66e-04 7.10e-04 9.72e-04 1.30e-03
^36^Cl 4.50e-07 8.62e-07 2.01e-06 3.55e-06 6.64e-06 9.10e-06 1.64e-05 2.25e-05 3.39e-05
^37^Cl 2.79e-05 4.03e-05 7.12e-05 1.25e-04 1.92e-04 2.96e-04 4.13e-04 6.08e-04 9.01e-04
^38^Cl 3.33e-12 1.11e-12 3.69e-12 8.20e-12 1.93e-11 4.33e-11 8.56e-11 1.53e-10 1.94e-10
^36^Ar 4.39e-03 7.56e-03 1.05e-02 1.02e-02 1.60e-02 2.52e-02 3.27e-02 4.83e-02 7.50e-02
^37^Ar 6.59e-06 6.20e-06 1.83e-05 1.79e-05 2.83e-05 4.32e-05 9.59e-05 1.26e-04 1.75e-04
^38^Ar 4.73e-04 2.44e-04 1.10e-03 1.22e-03 1.90e-03 2.60e-03 3.35e-03 5.47e-03 8.56e-03
^39^Ar 1.93e-07 9.06e-07 1.89e-06 3.36e-06 3.71e-06 6.10e-06 1.46e-05 2.23e-05 1.72e-05
^40^Ar 2.66e-07 4.76e-07 8.05e-07 1.20e-06 1.38e-06 2.08e-06 4.96e-06 1.01e-05 7.56e-06
^41^Ar 3.15e-11 3.53e-11 9.49e-11 1.70e-10 2.79e-10 4.74e-10 7.87e-10 1.32e-09 1.21e-09
^37^K  8.50e-39 1.09e-37 1.59e-36 6.70e-38 5.17e-35 4.26e-38 4.30e-35 9.01e-37 8.41e-40
^38^K  2.55e-14 9.52e-17 6.65e-15 8.51e-15 3.28e-14 1.21e-13 9.69e-14 2.44e-13 2.51e-13
^39^K  5.63e-05 6.09e-05 1.24e-04 1.34e-04 1.83e-04 2.56e-04 3.40e-04 5.17e-04 8.41e-04
^40^K  2.23e-07 5.35e-07 1.21e-06 2.27e-06 4.02e-06 6.28e-06 8.98e-06 1.28e-05 2.16e-05
^41^K  2.60e-06 3.44e-06 5.30e-06 7.99e-06 1.10e-05 1.68e-05 2.46e-05 3.37e-05 4.92e-05
^42^K  7.59e-09 6.58e-09 1.94e-08 3.86e-08 7.53e-08 2.25e-07 3.67e-07 9.47e-07 1.16e-06
^40^Ca 3.82e-03 6.43e-03 8.73e-03 8.69e-03 1.27e-02 2.11e-02 2.73e-02 3.88e-02 6.03e-02
^41^Ca 2.92e-06 5.05e-06 1.27e-05 1.84e-05 3.09e-05 4.19e-05 7.32e-05 1.01e-04 1.69e-04
^42^Ca 1.51e-05 1.22e-05 4.70e-05 6.54e-05 1.09e-04 1.69e-04 2.50e-04 3.86e-04 5.76e-04
^43^Ca 1.49e-06 2.42e-06 5.89e-06 1.29e-05 2.16e-05 3.85e-05 5.77e-05 8.39e-05 1.11e-04
^44^Ca 1.72e-05 2.07e-05 3.19e-05 5.15e-05 7.41e-05 1.25e-04 1.86e-04 3.03e-04 4.37e-04
^45^Ca 6.70e-08 8.79e-08 4.25e-07 4.81e-07 5.01e-07 5.24e-06 1.23e-05 2.59e-05 2.54e-05
^46^Ca 5.30e-08 7.45e-08 1.56e-07 2.78e-07 3.19e-07 1.25e-06 3.64e-06 1.21e-05 1.35e-05
^47^Ca 1.22e-10 2.10e-10 1.37e-09 2.40e-09 4.34e-09 2.24e-08 9.63e-08 5.71e-07 4.58e-07
^48^Ca 1.63e-06 1.89e-06 2.53e-06 3.21e-06 3.80e-06 5.09e-06 7.82e-06 1.04e-05 1.58e-05
^49^Ca 2.10e-18 1.03e-17 4.10e-18 1.22e-17 8.44e-16 2.48e-21 4.43e-20 5.75e-18 3.02e-15
^41^Sc 1.13e-55 6.50e-55 4.41e-54 4.35e-55 2.59e-53 7.13e-54 6.46e-52 2.48e-53 2.88e-53
^42^Sc 1.60e-47 1.83e-49 1.42e-48 1.39e-49 1.69e-46 2.62e-49 7.22e-49 6.34e-49 1.05e-47
^43^Sc 2.13e-08 1.89e-08 2.52e-08 2.39e-08 1.96e-08 2.17e-08 2.76e-08 4.47e-08 5.23e-08
^44^Sc 1.60e-09 2.45e-09 8.43e-09 1.08e-08 2.36e-08 3.33e-08 4.27e-08 7.90e-08 1.33e-07
^45^Sc 6.91e-07 1.06e-06 2.23e-06 4.71e-06 8.08e-06 1.19e-05 1.44e-05 2.48e-05 4.33e-05
^46^Sc 1.67e-08 3.12e-08 1.60e-07 2.04e-07 3.52e-07 1.58e-06 2.51e-06 4.45e-06 6.30e-06
^47^Sc 2.40e-09 4.23e-09 2.52e-08 5.28e-08 1.07e-07 3.01e-07 6.72e-07 1.76e-06 2.57e-06
^48^Sc 1.13e-09 2.03e-09 6.42e-09 1.22e-08 2.52e-08 5.25e-08 9.87e-08 1.93e-07 2.75e-07
^49^Sc 8.52e-13 1.16e-12 3.45e-12 6.88e-12 1.41e-11 3.11e-11 6.46e-11 1.19e-10 1.98e-10
^44^Ti 6.48e-06 8.07e-06 1.27e-05 1.06e-05 9.77e-06 9.17e-06 1.10e-05 1.42e-05 2.02e-05
^45^Ti 1.50e-08 2.77e-08 3.73e-08 2.92e-08 4.14e-08 6.02e-08 7.80e-08 1.26e-07 2.23e-07
^46^Ti 7.95e-06 6.82e-06 2.31e-05 2.36e-05 3.74e-05 5.19e-05 6.93e-05 1.13e-04 1.90e-04
^47^Ti 2.93e-06 3.35e-06 5.28e-06 7.25e-06 1.02e-05 1.49e-05 2.17e-05 3.13e-05 4.38e-05
^48^Ti 2.61e-05 2.97e-05 3.95e-05 4.90e-05 5.84e-05 7.73e-05 1.18e-04 1.58e-04 2.42e-04
^49^Ti 2.22e-06 3.07e-06 4.78e-06 6.84e-06 9.09e-06 1.35e-05 2.00e-05 2.91e-05 4.51e-05
^50^Ti 2.18e-06 3.18e-06 5.71e-06 1.00e-05 1.52e-05 2.52e-05 3.81e-05 5.81e-05 8.31e-05
^51^Ti 4.80e-17 1.98e-16 1.26e-16 2.53e-16 4.27e-14 2.71e-18 9.49e-18 3.99e-16 1.61e-13
^45^V  3.85e-54 1.21e-59 3.01e-58 1.74e-59 8.22e-53 9.83e-57 1.50e-59 2.03e-59 2.34e-58
^46^V  2.60e-55 1.19e-59 6.70e-60 8.74e-60 1.62e-58 1.39e-59 1.45e-59 2.01e-59 3.59e-59
^47^V  4.94e-11 5.36e-11 8.00e-11 6.72e-11 6.59e-11 7.56e-11 9.59e-11 1.10e-10 1.24e-10
^48^V  3.01e-08 3.07e-08 8.60e-08 1.08e-07 1.89e-07 2.92e-07 3.75e-07 5.32e-07 7.23e-07
^49^V  4.62e-06 7.17e-06 8.29e-06 8.72e-06 1.13e-05 1.97e-05 2.43e-05 2.86e-05 3.55e-05
^50^V  2.18e-08 3.37e-08 8.68e-08 1.48e-07 2.76e-07 4.03e-07 5.63e-07 7.06e-07 8.62e-07
^51^V  3.68e-06 4.28e-06 5.84e-06 7.41e-06 8.85e-06 1.18e-05 1.78e-05 2.49e-05 3.83e-05
^52^V  2.32e-16 1.01e-16 1.65e-15 1.92e-15 2.35e-14 2.30e-15 4.80e-15 1.10e-14 8.31e-14
^48^Cr 5.49e-05 7.04e-05 9.84e-05 1.07e-04 1.19e-04 2.19e-04 2.57e-04 2.84e-04 3.51e-04
^49^Cr 9.40e-09 1.46e-08 1.68e-08 1.65e-08 2.02e-08 4.07e-08 5.14e-08 5.79e-08 7.00e-08
^50^Cr 7.03e-05 1.55e-04 1.40e-04 1.21e-04 1.87e-04 2.56e-04 3.42e-04 5.07e-04 7.37e-04
^51^Cr 1.40e-05 2.40e-05 2.39e-05 2.34e-05 3.04e-05 5.33e-05 6.60e-05 7.93e-05 1.01e-04
^52^Cr 1.69e-04 1.90e-04 2.67e-04 3.25e-04 3.96e-04 5.05e-04 7.64e-04 1.00e-03 1.54e-03
^53^Cr 1.81e-05 2.13e-05 2.86e-05 3.59e-05 4.20e-05 5.62e-05 8.62e-05 1.11e-04 1.68e-04
^54^Cr 5.84e-06 9.13e-06 1.65e-05 2.83e-05 4.22e-05 6.65e-05 1.01e-04 1.42e-04 2.02e-04
^55^Cr 4.99e-17 3.76e-16 4.45e-16 2.40e-16 1.27e-13 4.61e-18 1.67e-17 4.07e-16 4.05e-13
^50^Mn 1.06e-59 1.19e-59 6.57e-60 8.74e-60 1.08e-59 1.39e-59 1.45e-59 2.01e-59 2.80e-59
^51^Mn 3.65e-08 6.30e-08 6.08e-08 5.82e-08 7.40e-08 1.47e-07 1.87e-07 2.13e-07 2.57e-07
^52^Mn 2.24e-04 3.03e-04 3.85e-04 4.54e-04 5.03e-04 1.08e-03 1.26e-03 1.30e-03 1.57e-03
^53^Mn 1.12e-04 1.77e-04 1.90e-04 2.00e-04 2.35e-04 4.59e-04 5.54e-04 6.13e-04 7.77e-04
^54^Mn 8.00e-08 9.98e-08 2.68e-07 3.04e-07 5.69e-07 5.96e-07 8.42e-07 1.53e-06 1.97e-06
^55^Mn 1.27e-04 1.50e-04 2.01e-04 2.46e-04 2.81e-04 3.55e-04 5.28e-04 7.15e-04 1.14e-03
^56^Mn 3.23e-08 3.10e-08 5.04e-08 5.64e-08 9.77e-08 9.28e-08 1.38e-07 2.14e-07 2.08e-07
^57^Mn 7.02e-19 5.36e-21 1.56e-17 1.69e-17 1.83e-17 2.01e-17 4.56e-17 1.99e-17 5.74e-17
^52^Fe 6.60e-04 8.92e-04 1.14e-03 1.34e-03 1.48e-03 3.16e-03 3.70e-03 3.77e-03 4.50e-03
^53^Fe 1.70e-13 2.84e-17 3.09e-14 5.15e-14 3.23e-13 7.90e-13 6.91e-13 1.49e-12 1.72e-12
^54^Fe 5.71e-03 1.23e-02 1.04e-02 9.78e-03 1.41e-02 2.19e-02 2.93e-02 4.03e-02 5.70e-02
^55^Fe 1.21e-04 2.37e-04 2.17e-04 2.20e-04 2.75e-04 5.07e-04 6.06e-04 6.86e-04 9.49e-04
^56^Fe 1.35e-02 1.54e-02 2.05e-02 2.50e-02 2.90e-02 3.75e-02 5.75e-02 7.57e-02 1.17e-01
^57^Fe 3.55e-04 5.06e-04 7.80e-04 1.09e-03 1.42e-03 1.98e-03 2.98e-03 3.67e-03 5.53e-03
^58^Fe 1.09e-04 2.75e-04 6.52e-04 1.30e-03 2.15e-03 3.44e-03 5.43e-03 7.46e-03 1.03e-02
^59^Fe 4.29e-06 5.66e-06 2.26e-05 1.72e-05 2.06e-05 1.97e-04 6.71e-04 1.00e-03 9.39e-04
^60^Fe 1.46e-06 3.77e-06 6.11e-06 9.57e-06 9.41e-06 4.76e-05 2.75e-04 5.88e-04 5.87e-04
^61^Fe 1.48e-16 5.50e-16 7.49e-20 1.76e-16 2.47e-14 2.06e-22 1.79e-20 1.33e-18 1.35e-16
^54^Co 1.06e-59 1.19e-59 6.57e-60 8.74e-60 1.08e-59 1.39e-59 1.45e-59 2.01e-59 2.80e-59
^55^Co 5.17e-04 8.90e-04 7.84e-04 8.28e-04 9.62e-04 1.95e-03 2.34e-03 2.48e-03 3.07e-03
^56^Co 3.34e-06 6.20e-06 4.55e-06 4.50e-06 5.96e-06 1.03e-05 1.21e-05 1.54e-05 2.07e-05
^57^Co 2.36e-04 1.84e-04 1.64e-04 1.42e-04 1.39e-04 1.27e-04 1.02e-04 1.19e-04 1.54e-04
^58^Co 1.56e-06 2.42e-06 5.04e-06 4.63e-06 9.39e-06 7.90e-06 1.11e-05 1.85e-05 1.81e-05
^59^Co 7.26e-05 1.42e-04 3.11e-04 6.01e-04 9.21e-04 1.33e-03 1.60e-03 2.17e-03 2.96e-03
^60^Co 1.56e-06 2.24e-06 8.51e-06 9.11e-06 1.60e-05 4.69e-05 1.06e-04 1.56e-04 1.54e-04
^61^Co 2.72e-08 4.52e-08 1.67e-07 3.58e-07 6.29e-07 9.09e-07 1.49e-06 2.15e-06 2.06e-06
^56^Ni 1.03e-01 1.02e-01 1.04e-01 1.00e-01 1.00e-01 1.22e-01 1.10e-01 1.00e-01 1.17e-01
^57^Ni 4.29e-03 3.20e-03 2.78e-03 2.42e-03 2.15e-03 1.90e-03 1.32e-03 1.28e-03 1.54e-03
^58^Ni 1.47e-02 7.70e-03 5.27e-03 4.46e-03 4.69e-03 4.82e-03 4.16e-03 5.30e-03 7.74e-03
^59^Ni 2.52e-04 1.69e-04 1.43e-04 1.26e-04 1.18e-04 8.10e-05 6.59e-05 8.00e-05 1.02e-04
^60^Ni 1.68e-03 1.55e-03 1.82e-03 1.87e-03 1.85e-03 1.58e-03 1.98e-03 2.70e-03 4.12e-03
^61^Ni 8.07e-05 6.93e-05 1.04e-04 1.74e-04 2.59e-04 4.29e-04 5.92e-04 9.06e-04 1.21e-03
^62^Ni 8.61e-05 9.83e-05 2.00e-04 4.12e-04 7.06e-04 1.28e-03 1.85e-03 3.20e-03 4.50e-03
^63^Ni 2.07e-06 7.39e-06 2.20e-05 5.15e-05 6.59e-05 1.67e-04 2.73e-04 4.60e-04 4.12e-04
^64^Ni 1.04e-05 1.51e-05 3.06e-05 6.35e-05 1.01e-04 1.91e-04 3.05e-04 6.57e-04 8.18e-04
^65^Ni 2.15e-09 1.74e-09 6.51e-09 1.68e-08 3.79e-08 7.47e-08 1.45e-07 2.86e-07 2.94e-07
^57^Cu 1.06e-59 1.19e-59 6.57e-60 8.74e-60 1.08e-59 1.39e-59 1.45e-59 2.01e-59 2.80e-59
^58^Cu 1.45e-34 4.21e-43 2.18e-36 5.76e-37 1.65e-35 3.37e-35 6.72e-37 1.17e-38 1.54e-43
^59^Cu 4.31e-21 6.08e-20 8.82e-20 6.64e-21 4.83e-18 2.73e-20 1.09e-20 5.03e-20 1.81e-17
^60^Cu 3.08e-08 2.68e-08 3.00e-08 2.44e-08 1.70e-08 3.65e-09 3.86e-14 2.16e-14 1.78e-14
^61^Cu 4.90e-05 2.98e-05 2.72e-05 2.39e-05 1.55e-05 1.96e-06 1.65e-08 1.82e-08 2.20e-08
^62^Cu 1.20e-06 5.15e-07 3.14e-07 2.73e-07 1.86e-07 3.30e-08 1.75e-12 2.04e-12 2.47e-12
^63^Cu 8.05e-06 8.69e-06 1.45e-05 2.84e-05 5.62e-05 7.47e-05 9.14e-05 1.71e-04 3.04e-04
^64^Cu 1.46e-07 1.84e-07 5.74e-07 1.14e-06 2.47e-06 4.92e-06 7.31e-06 1.57e-05 2.17e-05
^65^Cu 3.71e-06 5.23e-06 1.20e-05 2.85e-05 5.93e-05 1.08e-04 1.47e-04 2.94e-04 4.39e-04
^66^Cu 7.68e-16 3.02e-15 2.42e-15 5.87e-15 1.70e-12 4.37e-17 1.70e-16 1.12e-14 1.29e-11
^60^Zn 4.48e-24 1.79e-24 3.62e-24 2.43e-24 3.63e-24 7.60e-23 1.69e-23 5.94e-23 6.56e-23
^61^Zn 3.43e-23 4.14e-26 3.11e-23 3.99e-23 2.63e-23 3.70e-22 1.15e-22 5.67e-22 2.96e-22
^62^Zn 1.39e-03 6.21e-04 4.08e-04 3.40e-04 2.29e-04 3.67e-05 2.04e-09 2.06e-09 1.53e-09
^63^Zn 2.08e-09 8.07e-10 5.82e-10 4.85e-10 3.02e-10 3.93e-11 5.73e-12 5.07e-12 2.57e-12
^64^Zn 1.53e-05 1.66e-05 2.39e-05 3.72e-05 6.05e-05 9.03e-05 1.15e-04 1.84e-04 3.07e-04
^65^Zn 8.97e-07 7.91e-07 1.54e-06 2.87e-06 4.10e-06 1.28e-05 1.63e-05 2.26e-05 2.26e-05
^66^Zn 1.21e-05 1.15e-05 1.92e-05 3.77e-05 6.56e-05 1.26e-04 1.72e-04 3.02e-04 4.56e-04
^67^Zn 9.79e-07 1.49e-06 3.13e-06 6.98e-06 1.21e-05 2.96e-05 3.91e-05 6.69e-05 9.21e-05
^68^Zn 4.52e-06 6.19e-06 1.20e-05 2.50e-05 4.31e-05 9.14e-05 1.29e-04 2.34e-04 3.74e-04
^69^Zn 6.57e-11 6.87e-11 2.81e-10 7.64e-10 1.89e-09 5.81e-09 1.09e-08 2.37e-08 3.11e-08
^70^Zn 1.42e-07 1.63e-07 2.65e-07 4.93e-07 8.35e-07 1.63e-06 3.10e-06 4.29e-06 4.14e-06
^71^Zn 1.08e-21 1.64e-19 3.67e-19 1.79e-20 5.03e-17 6.49e-23 1.19e-21 6.71e-20 4.61e-17
^62^Ga 1.06e-59 1.19e-59 6.57e-60 8.74e-60 1.08e-59 1.39e-59 1.45e-59 2.01e-59 2.80e-59
^63^Ga 2.75e-31 1.14e-35 5.34e-31 5.59e-31 1.23e-31 2.12e-30 4.79e-31 1.03e-30 8.48e-31
^64^Ga 8.37e-27 9.69e-27 2.41e-26 2.90e-26 5.07e-27 1.02e-25 3.72e-26 1.40e-25 1.57e-25
^65^Ga 1.36e-13 8.14e-14 8.78e-14 6.84e-14 4.39e-14 2.67e-15 2.44e-16 5.99e-16 4.93e-14
^66^Ga 1.24e-05 5.19e-06 3.57e-06 3.18e-06 2.09e-06 6.26e-08 1.29e-09 1.14e-09 1.05e-09
^67^Ga 3.01e-08 1.34e-08 1.86e-08 3.06e-08 5.96e-08 8.66e-08 9.61e-08 1.42e-07 2.76e-07
^68^Ga 2.87e-11 3.04e-11 8.35e-11 1.44e-10 3.49e-10 5.35e-10 6.61e-10 1.02e-09 1.95e-09
^69^Ga 5.31e-07 7.45e-07 1.61e-06 3.46e-06 6.29e-06 1.28e-05 1.79e-05 3.12e-05 4.19e-05
^70^Ga 4.50e-14 1.11e-13 1.03e-13 4.05e-13 3.84e-12 2.08e-12 3.18e-12 4.61e-12 2.17e-11
^71^Ga 3.17e-07 4.54e-07 8.72e-07 2.28e-06 3.99e-06 5.33e-06 6.91e-06 1.23e-05 2.11e-05
^72^Ga 2.55e-09 2.02e-09 7.09e-09 2.69e-08 6.89e-08 2.46e-07 3.53e-07 1.03e-06 1.64e-06
^64^Ge 2.35e-33 2.38e-35 1.16e-33 1.65e-33 5.39e-34 2.75e-32 4.23e-33 3.08e-32 1.63e-32
^65^Ge 1.72e-34 1.01e-44 1.06e-34 9.09e-35 4.58e-35 1.46e-33 1.80e-34 3.71e-34 1.64e-35
^66^Ge 2.44e-06 1.01e-06 7.01e-07 6.24e-07 4.10e-07 1.23e-08 7.76e-14 5.88e-14 1.98e-14
^67^Ge 6.16e-15 2.07e-15 1.62e-15 1.21e-15 7.25e-16 5.38e-17 1.09e-17 5.01e-18 1.41e-18
^68^Ge 2.18e-08 7.76e-09 9.03e-09 1.42e-08 3.52e-08 3.28e-08 4.49e-08 4.38e-08 1.67e-08
^69^Ge 6.08e-10 7.75e-10 1.89e-09 3.59e-09 8.46e-09 9.94e-09 1.21e-08 1.57e-08 7.02e-09
^70^Ge 7.31e-07 1.01e-06 1.98e-06 4.29e-06 7.29e-06 1.44e-05 1.98e-05 3.12e-05 4.75e-05
^71^Ge 1.07e-08 2.24e-08 1.36e-07 1.08e-07 1.67e-07 2.13e-06 3.22e-06 5.40e-06 6.85e-06
^72^Ge 8.49e-07 1.09e-06 1.98e-06 3.54e-06 5.59e-06 1.12e-05 1.65e-05 3.07e-05 5.28e-05
^73^Ge 2.27e-07 3.18e-07 5.75e-07 1.07e-06 1.59e-06 3.73e-06 5.25e-06 9.00e-06 1.35e-05
^74^Ge 1.07e-06 1.34e-06 2.19e-06 3.59e-06 5.40e-06 1.01e-05 1.51e-05 2.82e-05 4.75e-05
^75^Ge 3.69e-11 4.41e-11 1.64e-10 3.97e-10 8.94e-10 3.11e-09 5.65e-09 1.25e-08 1.75e-08
^76^Ge 2.15e-07 2.45e-07 3.34e-07 4.55e-07 5.85e-07 9.37e-07 1.58e-06 2.08e-06 2.67e-06
^77^Ge 1.33e-10 3.07e-11 1.01e-10 4.04e-10 9.09e-10 2.82e-09 7.75e-09 1.89e-08 1.42e-08
^71^As 1.57e-11 1.88e-11 4.00e-11 8.36e-11 1.67e-10 4.54e-10 4.44e-10 5.05e-10 6.55e-10
^72^As 3.18e-11 3.93e-11 9.78e-11 2.12e-10 5.10e-10 7.74e-10 9.26e-10 9.54e-10 9.99e-10
^73^As 1.98e-09 2.78e-09 8.98e-09 1.27e-08 2.85e-08 4.09e-08 4.52e-08 8.61e-08 1.39e-07
^74^As 4.44e-10 5.99e-10 1.85e-09 2.76e-09 6.39e-09 9.86e-09 1.09e-08 2.01e-08 4.21e-08
^75^As 1.47e-07 1.86e-07 3.45e-07 5.86e-07 9.66e-07 1.78e-06 2.62e-06 4.53e-06 6.02e-06
^76^As 1.00e-09 1.44e-09 6.86e-09 9.17e-09 1.95e-08 2.48e-07 3.79e-07 6.71e-07 5.38e-07
^77^As 4.91e-09 6.79e-09 2.91e-08 5.25e-08 1.10e-07 3.21e-07 6.39e-07 1.65e-06 2.11e-06
^74^Se 2.20e-08 2.63e-08 5.00e-08 8.45e-08 1.34e-07 1.67e-07 2.28e-07 1.71e-07 2.03e-07
^75^Se 1.11e-09 1.60e-09 3.87e-09 7.55e-09 1.44e-08 2.29e-08 2.24e-08 2.86e-08 1.48e-08
^76^Se 1.69e-07 2.27e-07 3.99e-07 7.38e-07 1.14e-06 1.85e-06 2.65e-06 4.98e-06 8.74e-06
^77^Se 1.11e-07 1.46e-07 2.37e-07 3.96e-07 5.52e-07 1.10e-06 1.56e-06 2.62e-06 4.03e-06
^78^Se 3.57e-07 4.51e-07 7.02e-07 1.11e-06 1.57e-06 2.83e-06 4.14e-06 7.86e-06 1.31e-05
^79^Se 7.24e-09 3.18e-08 9.35e-08 1.76e-07 1.89e-07 8.49e-07 1.17e-06 2.15e-06 2.98e-06
^80^Se 7.36e-07 8.92e-07 1.28e-06 1.77e-06 2.18e-06 3.58e-06 5.71e-06 1.07e-05 1.56e-05
^81^Se 7.40e-16 2.06e-15 2.29e-16 5.00e-15 1.18e-13 1.85e-15 3.99e-15 3.80e-14 6.98e-15
^82^Se 1.32e-07 1.53e-07 2.11e-07 2.87e-07 3.58e-07 5.25e-07 8.14e-07 9.97e-07 1.31e-06
^83^Se 2.84e-16 1.75e-16 2.87e-16 7.53e-16 2.45e-15 4.75e-15 1.22e-14 1.65e-14 1.01e-14
^75^Br 3.67e-15 3.38e-15 3.48e-15 7.75e-15 1.18e-14 2.46e-14 1.39e-14 1.04e-14 7.98e-15
^76^Br 1.35e-12 1.82e-12 3.37e-12 6.28e-12 1.35e-11 2.16e-11 1.90e-11 1.89e-11 7.89e-12
^77^Br 4.75e-11 6.93e-11 1.37e-10 2.59e-10 4.62e-10 9.83e-10 7.26e-10 7.09e-10 3.26e-10
^78^Br 3.38e-19 1.71e-18 3.80e-18 5.69e-18 8.38e-18 2.50e-17 2.68e-17 1.28e-16 3.05e-16
^79^Br 1.11e-07 1.27e-07 1.65e-07 2.29e-07 3.61e-07 3.49e-07 5.33e-07 8.14e-07 1.41e-06
^80^Br 1.35e-15 6.79e-15 1.02e-15 9.99e-15 4.53e-13 2.33e-14 1.17e-14 2.01e-14 2.09e-12
^81^Br 1.19e-07 1.45e-07 2.15e-07 3.04e-07 4.04e-07 6.32e-07 9.76e-07 1.77e-06 2.57e-06
^82^Br 2.42e-10 4.90e-10 1.47e-09 2.46e-09 5.80e-09 3.79e-08 4.94e-08 7.48e-08 7.12e-08
^83^Br 2.69e-10 5.48e-10 1.66e-09 2.99e-09 6.94e-09 9.34e-09 1.29e-08 2.22e-08 3.57e-08
^78^Kr 4.59e-09 5.16e-09 7.01e-09 8.85e-09 1.08e-08 1.36e-08 2.04e-08 2.48e-08 3.89e-08
^79^Kr 3.68e-11 4.97e-11 1.01e-10 1.62e-10 3.00e-10 3.47e-10 4.41e-10 5.34e-10 7.50e-10
^80^Kr 4.09e-08 5.06e-08 8.44e-08 1.57e-07 2.71e-07 3.25e-07 4.09e-07 8.70e-07 1.83e-06
^81^Kr 2.59e-09 5.56e-09 1.20e-08 3.95e-08 5.66e-08 7.66e-08 7.89e-08 1.83e-07 3.22e-07
^82^Kr 1.59e-07 2.04e-07 3.24e-07 5.65e-07 8.48e-07 1.32e-06 1.93e-06 4.52e-06 7.64e-06
^83^Kr 1.41e-07 1.73e-07 2.55e-07 3.86e-07 5.41e-07 8.88e-07 1.31e-06 2.46e-06 3.79e-06
^84^Kr 7.28e-07 8.89e-07 1.29e-06 1.83e-06 2.48e-06 3.96e-06 5.87e-06 1.06e-05 1.63e-05
^85^Kr 7.00e-09 2.82e-08 6.53e-08 1.27e-07 1.79e-07 4.07e-07 6.69e-07 1.35e-06 1.53e-06
^86^Kr 2.34e-07 2.93e-07 4.43e-07 6.17e-07 7.76e-07 1.09e-06 1.96e-06 3.53e-06 4.33e-06
^87^Kr 4.30e-13 1.13e-13 3.06e-13 6.16e-13 1.42e-12 7.41e-12 1.28e-11 2.09e-11 1.95e-11
^79^Rb 3.77e-20 1.58e-20 8.21e-20 1.09e-19 1.23e-19 6.03e-19 5.91e-19 1.08e-18 1.95e-18
^80^Rb 2.70e-23 2.58e-32 2.19e-22 2.92e-22 2.91e-22 1.44e-21 1.10e-21 1.13e-21 5.27e-22
^81^Rb 5.70e-14 9.52e-14 1.22e-13 2.18e-13 3.24e-13 5.69e-13 4.43e-13 6.02e-13 8.44e-13
^82^Rb 9.78e-14 1.75e-13 2.87e-13 3.89e-13 7.36e-13 1.09e-12 9.00e-13 1.14e-12 8.41e-13
^83^Rb 6.01e-11 8.17e-11 1.84e-10 2.52e-10 4.78e-10 5.02e-10 6.72e-10 1.34e-09 2.13e-09
^84^Rb 6.63e-12 1.03e-11 2.17e-11 2.89e-11 5.43e-11 6.41e-11 6.81e-11 1.94e-10 3.69e-10
^85^Rb 1.69e-07 1.96e-07 2.72e-07 3.53e-07 4.62e-07 6.28e-07 9.40e-07 1.56e-06 2.56e-06
^86^Rb 1.80e-09 2.97e-09 1.05e-08 9.81e-09 1.55e-08 9.15e-08 1.48e-07 3.28e-07 4.18e-07
^87^Rb 8.31e-08 1.08e-07 1.69e-07 2.32e-07 3.15e-07 5.93e-07 1.03e-06 1.93e-06 2.49e-06
^88^Rb 8.15e-17 3.41e-16 8.55e-17 5.10e-16 6.33e-15 8.05e-16 2.31e-15 4.03e-15 6.13e-15
^84^Sr 3.69e-09 3.89e-09 6.26e-09 7.45e-09 8.36e-09 1.38e-08 1.86e-08 2.63e-08 4.71e-08
^85^Sr 9.22e-11 9.31e-11 2.18e-10 2.82e-10 4.02e-10 7.12e-10 7.35e-10 1.01e-09 1.64e-09
^86^Sr 6.93e-08 9.53e-08 1.70e-07 3.06e-07 5.18e-07 7.55e-07 9.06e-07 1.61e-06 2.89e-06
^87^Sr 4.27e-08 6.05e-08 1.10e-07 2.00e-07 3.39e-07 5.56e-07 6.96e-07 1.16e-06 1.90e-06
^88^Sr 4.97e-07 6.32e-07 1.04e-06 1.73e-06 2.70e-06 4.54e-06 6.44e-06 1.02e-05 1.56e-05
^89^Sr 1.34e-09 3.40e-09 1.36e-08 1.18e-08 9.19e-09 1.69e-07 2.99e-07 4.41e-07 4.65e-07
^90^Sr 3.83e-10 1.41e-09 3.71e-09 6.14e-09 7.32e-09 3.63e-08 7.61e-08 1.29e-07 1.61e-07
^91^Sr 2.67e-12 6.94e-13 2.03e-12 3.73e-12 7.56e-12 3.06e-10 4.89e-10 8.18e-10 5.50e-10
^85^Y  2.35e-16 1.81e-16 1.12e-15 8.99e-16 6.74e-16 2.90e-15 3.02e-15 5.93e-15 1.70e-14
^86^Y  6.94e-15 8.57e-15 1.71e-14 1.80e-14 3.19e-14 3.65e-14 3.59e-14 6.60e-14 9.60e-14
^87^Y  2.45e-12 2.81e-12 6.78e-12 8.51e-12 1.38e-11 2.15e-11 2.30e-11 3.54e-11 6.50e-11
^88^Y  7.74e-12 9.28e-12 2.10e-11 2.72e-11 5.59e-11 6.25e-11 7.72e-11 1.06e-10 1.47e-10
^89^Y  1.26e-07 1.55e-07 2.32e-07 3.86e-07 5.75e-07 8.13e-07 1.11e-06 1.72e-06 2.73e-06
^90^Y  1.23e-10 1.64e-10 9.14e-10 1.28e-09 2.91e-09 1.27e-08 1.87e-08 3.46e-08 4.09e-08
^91^Y  3.26e-10 8.21e-10 2.75e-09 3.86e-09 7.43e-09 3.87e-08 6.57e-08 1.01e-07 8.97e-08
^90^Zr 1.51e-07 1.77e-07 2.53e-07 3.54e-07 4.76e-07 6.77e-07 9.85e-07 1.48e-06 2.38e-06
^91^Zr 3.29e-08 4.01e-08 5.76e-08 8.54e-08 1.13e-07 1.78e-07 2.58e-07 3.94e-07 5.93e-07
^92^Zr 5.14e-08 6.17e-08 8.93e-08 1.26e-07 1.68e-07 2.52e-07 3.77e-07 5.83e-07 8.82e-07
^93^Zr 8.60e-10 2.92e-09 7.38e-09 1.65e-08 2.57e-08 5.18e-08 7.06e-08 1.15e-07 1.53e-07
^94^Zr 5.21e-08 6.16e-08 8.63e-08 1.16e-07 1.48e-07 2.19e-07 3.36e-07 4.99e-07 7.39e-07
^95^Zr 1.81e-10 6.54e-10 2.03e-09 2.02e-09 1.23e-09 1.96e-08 3.29e-08 4.95e-08 4.89e-08
^96^Zr 2.97e-10 1.22e-09 2.82e-09 4.44e-09 4.49e-09 1.89e-08 4.10e-08 7.59e-08 8.25e-08
^97^Zr 1.03e-12 6.47e-14 1.65e-13 3.04e-13 7.04e-13 7.72e-11 1.22e-10 1.86e-10 7.19e-11
^91^Nb 1.49e-11 2.23e-11 4.86e-11 8.37e-11 1.54e-10 1.70e-10 2.29e-10 3.28e-10 1.99e-10
^92^Nb 1.92e-12 2.79e-12 5.79e-12 1.03e-11 1.86e-11 2.47e-11 2.73e-11 3.98e-11 3.66e-11
^93^Nb 2.11e-08 2.36e-08 2.99e-08 3.57e-08 4.03e-08 5.16e-08 8.39e-08 1.09e-07 1.65e-07
^94^Nb 8.27e-12 4.02e-12 1.28e-11 5.20e-12 3.32e-11 2.42e-10 2.63e-11 4.60e-11 7.52e-11
^95^Nb 2.77e-11 1.50e-10 1.88e-10 6.35e-10 4.30e-10 6.89e-10 7.15e-10 6.74e-10 6.13e-10
^96^Nb 2.18e-12 4.36e-12 8.84e-12 1.68e-11 1.85e-11 1.94e-10 1.39e-10 7.78e-11 3.56e-11
^97^Nb 2.10e-13 2.49e-13 3.93e-13 1.12e-12 1.16e-12 8.06e-12 1.15e-11 1.74e-11 8.18e-12
^92^Mo 8.48e-09 9.57e-09 1.30e-08 1.60e-08 1.96e-08 2.40e-08 3.80e-08 5.22e-08 8.20e-08
^93^Mo 2.46e-11 4.23e-11 1.45e-10 2.18e-10 3.95e-10 4.81e-10 3.20e-10 7.93e-10 1.50e-09
^94^Mo 6.46e-09 7.48e-09 1.07e-08 1.36e-08 1.71e-08 2.07e-08 2.76e-08 4.26e-08 7.29e-08
^95^Mo 9.36e-09 1.07e-08 1.39e-08 1.82e-08 2.36e-08 2.61e-08 3.90e-08 5.45e-08 8.84e-08
^96^Mo 1.87e-08 2.18e-08 2.98e-08 4.02e-08 5.10e-08 6.18e-08 8.92e-08 1.28e-07 2.06e-07
^97^Mo 7.73e-09 9.98e-09 1.67e-08 2.93e-08 5.61e-08 8.15e-08 1.49e-07 3.01e-07 5.03e-07
^98^Mo 1.64e-08 2.48e-08 4.49e-08 8.03e-08 1.11e-07 1.96e-07 2.47e-07 3.22e-07 3.76e-07
