M_Fe_  1.73e+00 1.85e+00 1.83e+00 2.03e+00 2.14e+00 2.00e+00 2.27e+00 2.17e+00 1.80e+00
E_kin_ 1.00e+00 1.00e+00 1.17e+00 1.91e+00 2.05e+00 2.21e+00 7.39e+00 6.55e+00 2.91e+00
M_cut_ 1.84e+00 2.02e+00 1.92e+00 2.42e+00 2.37e+00 2.33e+00 2.87e+00 3.11e+00 2.68e+00
^1^H   5.48e+00 6.06e+00 7.59e+00 9.11e+00 9.88e+00 1.32e+01 1.89e+01 2.43e+01 3.70e+01
^2^H   1.40e-08 1.66e-16 1.92e-16 2.17e-16 2.28e-16 2.65e-16 3.02e-16 3.67e-16 5.00e-16
^3^H   1.87e-31 2.35e-31 4.33e-31 3.03e-30 1.36e-30 2.40e-30 7.03e-30 1.25e-29 1.39e-29
^3^He  2.38e-04 2.57e-04 3.27e-04 4.01e-04 4.28e-04 5.87e-04 8.99e-04 1.12e-03 1.54e-03
^4^He  3.87e+00 4.38e+00 5.52e+00 7.08e+00 8.70e+00 1.22e+01 2.11e+01 3.09e+01 5.81e+01
^6^Li  2.94e-13 1.30e-14 2.95e-14 3.63e-14 5.51e-14 5.65e-15 1.10e-14 1.38e-14 1.10e-22
^7^Li  1.20e-10 2.42e-10 6.70e-10 9.89e-10 1.27e-09 1.45e-09 1.35e-09 6.78e-10 1.40e-15
^7^Be  4.29e-15 3.08e-14 6.24e-12 2.59e-11 3.07e-11 5.03e-11 1.75e-11 3.32e-10 2.46e-12
^9^Be  7.26e-12 1.25e-11 3.10e-11 4.88e-11 6.57e-11 9.59e-11 1.45e-10 1.50e-10 1.34e-41
^10^Be 7.70e-60 6.41e-60 5.46e-60 6.82e-60 9.46e-60 1.19e-59 1.57e-59 1.94e-59 1.98e-59
^10^B  4.90e-11 7.70e-11 1.77e-10 2.82e-10 3.87e-10 5.89e-10 9.49e-10 1.26e-09 7.82e-15
^11^B  2.60e-09 2.88e-09 4.06e-09 5.61e-09 6.90e-09 1.07e-08 1.94e-08 2.85e-08 4.58e-08
^12^C  3.25e-01 4.22e-01 7.93e-01 1.10e+00 1.08e+00 1.95e+00 3.60e+00 4.82e+00 4.62e+00
^13^C  1.06e-03 1.15e-03 3.14e-03 3.66e-03 4.04e-03 7.16e-03 6.59e-03 3.70e-03 2.24e-03
^14^C  9.91e-06 2.45e-05 1.08e-05 3.06e-05 4.22e-05 2.55e-05 1.85e-06 1.13e-06 9.67e-07
^13^N  1.36e-13 1.90e-13 2.72e-13 1.33e-12 2.41e-12 1.23e-12 1.60e-10 1.25e-11 6.49e-12
^14^N  4.30e-02 4.78e-02 7.08e-02 1.13e-01 1.38e-01 1.95e-01 2.47e-01 3.03e-01 5.82e-01
^15^N  2.04e-05 3.54e-05 9.09e-06 5.26e-05 3.57e-05 1.50e-05 1.95e-05 2.66e-05 4.24e-05
^16^N  3.63e-29 1.80e-29 1.24e-30 1.37e-28 6.24e-32 1.53e-34 7.02e-30 1.18e-29 1.98e-31
^15^O  3.33e-16 7.70e-17 4.01e-15 2.32e-14 3.92e-14 2.05e-14 7.82e-15 8.66e-15 9.40e-15
^16^O  9.85e-01 1.48e+00 2.72e+00 3.79e+00 5.75e+00 7.05e+00 1.00e+01 1.26e+01 1.25e+01
^17^O  1.84e-04 2.75e-04 1.93e-04 4.16e-04 2.75e-04 1.52e-04 8.49e-05 8.63e-05 1.04e-04
^18^O  4.84e-03 8.51e-03 1.83e-04 4.10e-04 2.63e-04 1.49e-04 1.78e-04 2.12e-04 2.82e-04
^19^O  1.34e-21 1.40e-21 3.29e-24 1.07e-20 4.83e-24 4.68e-28 3.97e-24 8.77e-21 7.92e-23
^17^F  4.00e-20 2.90e-19 1.47e-17 9.74e-17 2.65e-16 6.75e-17 4.04e-18 1.68e-18 1.25e-18
^18^F  3.69e-07 1.02e-06 4.14e-08 1.25e-06 9.05e-07 3.01e-07 2.32e-07 1.29e-07 6.30e-08
^19^F  6.89e-06 9.56e-06 2.82e-05 8.93e-05 2.42e-04 1.07e-04 2.45e-05 3.26e-05 3.28e-05
^20^F  9.07e-23 1.40e-22 1.57e-25 1.88e-20 3.33e-23 4.70e-28 2.01e-24 9.17e-23 9.86e-26
^20^Ne 4.29e-02 5.17e-02 5.23e-01 3.23e-01 8.14e-01 1.54e+00 1.42e+00 1.46e+00 1.82e+00
^21^Ne 6.46e-04 9.81e-04 1.86e-03 3.87e-03 4.69e-03 5.80e-03 7.52e-03 9.57e-03 8.74e-03
^22^Ne 1.91e-02 2.67e-02 4.04e-02 9.23e-02 8.81e-02 5.04e-02 5.48e-02 9.87e-02 9.72e-02
^23^Ne 9.26e-16 2.02e-15 1.88e-17 4.82e-14 3.63e-17 2.96e-21 2.76e-17 1.26e-14 1.14e-16
^21^Na 1.02e-15 1.80e-15 2.95e-17 1.22e-14 1.50e-16 2.29e-20 4.73e-16 5.19e-14 3.29e-15
^22^Na 2.69e-07 4.39e-07 4.66e-06 1.67e-06 1.75e-06 1.32e-05 1.56e-05 1.14e-05 1.86e-05
^23^Na 1.44e-03 1.86e-03 1.20e-02 8.76e-03 8.70e-03 3.83e-02 3.47e-02 3.16e-02 4.83e-02
^24^Na 2.46e-06 2.91e-06 3.83e-06 9.10e-06 4.72e-06 1.79e-05 2.93e-05 2.62e-05 2.69e-05
^23^Mg 5.33e-15 6.76e-19 3.00e-24 7.60e-15 8.76e-20 4.32e-27 1.30e-15 1.62e-15 6.05e-16
^24^Mg 2.00e-02 3.19e-02 8.46e-02 9.30e-02 2.29e-01 2.16e-01 2.69e-01 3.55e-01 4.08e-01
^25^Mg 3.04e-03 4.56e-03 1.53e-02 1.83e-02 3.79e-02 5.29e-02 5.91e-02 6.94e-02 6.98e-02
^26^Mg 7.04e-03 1.10e-02 2.49e-02 4.10e-02 7.71e-02 9.87e-02 1.19e-01 1.49e-01 1.49e-01
^27^Mg 2.05e-12 5.04e-12 9.70e-15 5.22e-11 5.76e-14 7.93e-14 1.56e-13 1.22e-10 9.00e-13
^25^Al 3.36e-19 9.80e-19 2.28e-18 1.10e-17 5.69e-18 5.43e-21 1.08e-17 2.18e-17 4.88e-18
^26^Al 2.15e-05 4.65e-05 6.35e-05 1.05e-04 1.00e-04 1.14e-04 3.08e-04 4.81e-04 8.60e-04
^27^Al 2.48e-03 3.83e-03 1.81e-02 1.58e-02 4.44e-02 6.10e-02 5.19e-02 5.06e-02 6.88e-02
^28^Al 5.39e-12 1.78e-13 1.69e-16 1.46e-11 1.29e-12 2.29e-17 8.26e-12 4.23e-11 1.90e-11
^27^Si 2.34e-15 1.52e-19 1.37e-22 2.44e-15 4.39e-22 1.76e-26 3.72e-18 2.21e-18 3.51e-19
^28^Si 1.16e-01 1.71e-01 2.60e-01 3.63e-01 3.29e-01 3.97e-01 5.11e-01 7.25e-01 7.67e-01
^29^Si 1.88e-03 3.12e-03 4.46e-03 8.33e-03 1.83e-02 1.13e-02 1.48e-02 1.96e-02 2.14e-02
^30^Si 3.03e-03 4.92e-03 4.47e-03 1.44e-02 1.62e-02 9.57e-03 2.08e-02 2.97e-02 3.03e-02
^31^Si 2.78e-07 5.20e-07 3.58e-07 1.07e-06 2.81e-06 1.03e-06 1.53e-06 1.90e-06 1.77e-06
^32^Si 5.84e-08 1.36e-07 7.55e-08 8.32e-08 5.87e-07 2.13e-07 1.91e-07 1.80e-07 1.85e-07
^29^P  1.95e-20 4.63e-20 1.40e-21 4.75e-19 1.55e-21 2.56e-25 5.01e-22 2.96e-20 7.00e-22
^30^P  1.19e-11 3.56e-13 1.05e-15 2.58e-11 2.23e-13 3.65e-18 4.00e-11 8.23e-11 7.52e-11
^31^P  5.96e-04 9.46e-04 1.21e-03 2.72e-03 2.73e-03 2.51e-03 3.77e-03 5.24e-03 5.27e-03
^32^P  1.27e-06 2.43e-06 4.47e-06 6.01e-06 2.13e-05 1.59e-05 1.78e-05 1.88e-05 2.28e-05
^33^P  8.54e-07 1.33e-06 1.22e-06 2.81e-06 5.13e-06 4.31e-06 6.83e-06 8.08e-06 9.76e-06
^34^P  1.08e-19 4.35e-22 1.33e-24 1.56e-19 2.11e-23 2.61e-28 6.33e-21 7.31e-20 4.30e-21
^31^S  3.25e-18 2.27e-23 1.69e-30 2.02e-18 8.31e-27 6.51e-36 2.53e-23 8.53e-24 5.66e-25
^32^S  5.41e-02 7.84e-02 1.51e-01 1.45e-01 1.53e-01 2.03e-01 2.04e-01 2.96e-01 3.09e-01
^33^S  2.72e-04 3.96e-04 7.55e-04 1.09e-03 9.09e-04 1.34e-03 1.58e-03 2.20e-03 2.10e-03
^34^S  1.95e-03 2.74e-03 4.03e-03 7.69e-03 4.16e-03 7.00e-03 7.69e-03 1.09e-02 1.09e-02
^35^S  7.84e-07 1.27e-06 2.69e-06 3.48e-06 1.04e-05 9.10e-06 8.79e-06 9.32e-06 1.03e-05
^36^S  1.62e-06 2.62e-06 5.31e-06 5.10e-06 1.22e-05 1.36e-05 1.43e-05 1.51e-05 1.98e-05
^37^S  1.51e-18 3.78e-18 1.10e-20 3.39e-17 4.07e-20 8.30e-22 9.70e-20 1.00e-16 7.50e-19
^33^Cl 2.44e-24 5.58e-24 1.75e-23 1.19e-22 7.56e-24 5.98e-28 4.31e-25 1.20e-24 1.32e-25
^34^Cl 1.22e-23 2.54e-25 4.08e-27 9.92e-24 1.30e-27 2.85e-32 1.29e-29 4.91e-28 2.95e-30
^35^Cl 1.64e-04 2.20e-04 5.19e-04 5.45e-04 4.67e-04 8.09e-04 7.62e-04 1.06e-03 1.24e-03
^36^Cl 2.19e-06 3.23e-06 5.36e-06 9.35e-06 1.04e-05 1.24e-05 1.85e-05 2.50e-05 2.29e-05
^37^Cl 4.82e-05 6.53e-05 1.31e-04 1.85e-04 2.73e-04 3.67e-04 4.91e-04 6.15e-04 6.84e-04
^38^Cl 4.53e-11 1.08e-10 1.34e-11 8.45e-11 1.89e-11 3.55e-11 1.52e-10 2.33e-10 1.41e-10
^36^Ar 9.36e-03 1.34e-02 2.84e-02 2.24e-02 2.70e-02 3.46e-02 3.36e-02 4.84e-02 5.01e-02
^37^Ar 1.67e-05 2.48e-05 1.14e-04 5.27e-05 6.89e-05 1.67e-04 8.49e-05 1.12e-04 1.16e-04
^38^Ar 9.74e-04 1.39e-03 5.52e-03 3.37e-03 2.49e-03 8.09e-03 3.53e-03 5.37e-03 5.79e-03
^39^Ar 7.55e-07 1.35e-06 4.39e-06 3.97e-06 1.02e-05 1.67e-05 1.68e-05 1.51e-05 1.81e-05
^40^Ar 3.92e-07 6.85e-07 1.30e-06 1.37e-06 3.04e-06 5.84e-06 6.46e-06 6.05e-06 8.40e-06
^41^Ar 6.83e-10 4.70e-09 2.44e-10 6.36e-10 6.08e-10 4.95e-10 1.29e-09 1.66e-09 1.18e-09
^37^K  1.58e-32 1.33e-32 1.82e-31 3.14e-31 1.00e-32 1.57e-36 1.06e-34 2.23e-34 4.98e-36
^38^K  7.27e-15 1.92e-15 3.93e-19 4.74e-14 2.46e-16 1.10e-20 1.36e-13 2.23e-13 3.43e-13
^39^K  9.55e-05 1.29e-04 5.81e-04 2.42e-04 3.24e-04 7.20e-04 3.59e-04 5.14e-04 6.24e-04
^40^K  1.01e-06 1.52e-06 3.04e-06 4.52e-06 6.20e-06 7.48e-06 1.06e-05 1.45e-05 1.37e-05
^41^K  3.16e-06 3.99e-06 7.31e-06 9.43e-06 1.41e-05 1.95e-05 2.61e-05 3.28e-05 4.19e-05
^42^K  1.16e-07 3.23e-07 8.15e-08 1.58e-07 6.00e-07 2.84e-07 8.28e-07 9.42e-07 8.33e-07
^40^Ca 7.77e-03 1.10e-02 2.37e-02 1.76e-02 2.24e-02 2.76e-02 2.75e-02 3.96e-02 4.08e-02
^41^Ca 1.26e-05 1.82e-05 6.51e-05 4.00e-05 4.92e-05 8.71e-05 8.02e-05 1.13e-04 1.04e-04
^42^Ca 3.92e-05 5.79e-05 2.72e-04 1.49e-04 1.76e-04 4.16e-04 2.75e-04 3.66e-04 3.89e-04
^43^Ca 3.42e-06 5.11e-06 1.45e-05 1.93e-05 3.59e-05 5.20e-05 6.45e-05 7.51e-05 8.34e-05
^44^Ca 1.97e-05 2.57e-05 5.06e-05 7.35e-05 1.34e-04 1.89e-04 2.28e-04 2.78e-04 3.48e-04
^45^Ca 4.67e-07 1.24e-06 2.92e-06 2.64e-06 1.23e-05 1.77e-05 1.89e-05 1.92e-05 2.22e-05
^46^Ca 1.93e-07 7.35e-07 9.12e-07 9.26e-07 3.47e-06 6.97e-06 6.57e-06 8.14e-06 1.02e-05
^47^Ca 9.92e-09 1.20e-07 2.05e-08 3.36e-08 1.06e-07 7.44e-08 1.40e-07 2.25e-07 3.53e-07
^48^Ca 1.51e-06 1.74e-06 2.40e-06 2.94e-06 3.61e-06 5.00e-06 7.63e-06 1.02e-05 1.61e-05
^49^Ca 3.54e-17 8.35e-17 2.17e-19 8.11e-16 7.74e-19 5.71e-19 1.92e-18 2.16e-15 1.51e-17
^41^Sc 8.22e-46 3.15e-46 2.87e-46 3.03e-46 1.77e-47 1.54e-48 9.24e-49 1.70e-48 6.60e-51
^42^Sc 2.61e-40 4.75e-40 1.06e-41 4.48e-39 4.87e-44 5.12e-45 2.11e-45 9.07e-46 9.33e-48
^43^Sc 2.11e-08 1.56e-08 2.47e-08 8.19e-09 2.80e-08 3.98e-08 3.46e-08 3.60e-08 4.85e-08
^44^Sc 3.80e-09 8.54e-09 1.72e-08 1.63e-08 2.07e-08 3.04e-08 5.07e-08 7.14e-08 8.39e-08
^45^Sc 1.39e-06 2.24e-06 5.26e-06 8.01e-06 1.32e-05 1.75e-05 1.87e-05 2.52e-05 2.73e-05
^46^Sc 1.55e-07 2.98e-07 7.32e-07 1.17e-06 3.63e-06 3.59e-06 4.35e-06 4.38e-06 4.34e-06
^47^Sc 6.45e-08 1.69e-07 1.75e-07 4.65e-07 1.00e-06 6.20e-07 1.32e-06 1.68e-06 1.61e-06
^48^Sc 1.88e-08 8.18e-08 3.06e-08 9.19e-08 1.68e-07 8.86e-08 2.17e-07 3.18e-07 2.31e-07
^49^Sc 1.81e-11 1.87e-10 1.93e-11 8.02e-11 5.89e-11 5.55e-11 1.48e-10 2.69e-10 1.58e-10
^44^Ti 1.20e-05 1.08e-05 1.61e-05 8.94e-06 1.65e-05 1.74e-05 1.04e-05 1.44e-05 1.38e-05
^45^Ti 3.28e-08 4.37e-08 2.81e-07 6.59e-08 1.59e-07 2.51e-07 8.96e-08 1.27e-07 1.20e-07
^46^Ti 1.64e-05 2.49e-05 1.06e-04 5.80e-05 8.01e-05 1.68e-04 8.09e-05 1.18e-04 1.24e-04
^47^Ti 3.48e-06 4.47e-06 7.21e-06 1.16e-05 1.78e-05 2.26e-05 2.66e-05 3.41e-05 4.16e-05
^48^Ti 2.39e-05 2.76e-05 3.50e-05 5.05e-05 6.30e-05 7.98e-05 1.21e-04 1.63e-04 2.52e-04
^49^Ti 3.26e-06 4.15e-06 6.96e-06 9.75e-06 1.67e-05 2.12e-05 2.55e-05 3.15e-05 3.71e-05
^50^Ti 3.50e-06 4.93e-06 1.08e-05 1.62e-05 3.02e-05 4.02e-05 4.66e-05 5.53e-05 6.29e-05
^51^Ti 1.57e-15 3.94e-15 1.05e-17 4.01e-14 7.77e-17 4.81e-18 1.79e-16 1.15e-13 1.09e-15
^45^V  1.27e-49 1.17e-52 1.73e-50 5.99e-51 4.46e-53 1.19e-59 2.56e-59 3.86e-59 2.02e-59
^46^V  1.83e-48 5.91e-56 5.97e-60 3.99e-52 9.46e-60 1.19e-59 1.57e-59 1.95e-59 1.98e-59
^47^V  6.62e-11 5.76e-11 9.35e-11 8.35e-11 1.09e-10 1.12e-10 8.53e-11 1.21e-10 1.10e-10
^48^V  6.35e-08 9.73e-08 3.00e-07 2.22e-07 1.85e-07 4.59e-07 3.44e-07 5.31e-07 5.38e-07
^49^V  7.25e-06 9.40e-06 1.08e-05 1.67e-05 1.39e-05 1.33e-05 2.13e-05 2.87e-05 2.89e-05
^50^V  1.03e-07 1.62e-07 1.89e-07 6.58e-07 6.40e-07 5.02e-07 7.81e-07 1.10e-06 8.83e-07
^51^V  3.61e-06 4.29e-06 5.46e-06 7.87e-06 9.84e-06 1.23e-05 1.87e-05 2.54e-05 3.79e-05
^52^V  3.79e-15 1.62e-15 3.98e-18 2.27e-14 2.19e-15 3.34e-19 5.56e-15 5.63e-14 1.34e-14
^48^Cr 9.40e-05 1.18e-04 1.14e-04 1.56e-04 1.36e-04 1.33e-04 2.18e-04 2.98e-04 2.79e-04
^49^Cr 1.42e-08 1.82e-08 2.40e-08 3.50e-08 2.93e-08 2.74e-08 4.34e-08 5.88e-08 5.77e-08
^50^Cr 9.35e-05 1.23e-04 2.33e-04 2.79e-04 3.09e-04 3.45e-04 3.18e-04 4.21e-04 4.95e-04
^51^Cr 2.04e-05 2.50e-05 3.21e-05 4.57e-05 3.84e-05 3.99e-05 5.31e-05 7.06e-05 7.77e-05
^52^Cr 1.57e-04 1.83e-04 2.42e-04 3.26e-04 3.66e-04 4.79e-04 7.35e-04 1.00e-03 1.56e-03
^53^Cr 1.63e-05 1.85e-05 2.66e-05 3.13e-05 3.87e-05 5.31e-05 8.18e-05 1.09e-04 1.75e-04
^54^Cr 1.02e-05 1.41e-05 2.94e-05 3.76e-05 5.89e-05 8.26e-05 1.10e-04 1.35e-04 1.54e-04
^55^Cr 4.47e-15 1.13e-14 3.25e-17 1.04e-13 1.31e-16 3.06e-19 3.12e-16 3.14e-13 2.40e-15
^50^Mn 7.42e-58 6.41e-60 5.46e-60 6.83e-60 9.46e-60 1.19e-59 1.57e-59 1.94e-59 1.98e-59
^51^Mn 5.15e-08 6.22e-08 8.42e-08 1.26e-07 1.02e-07 9.11e-08 1.47e-07 1.97e-07 2.10e-07
^52^Mn 3.67e-04 5.01e-04 4.88e-04 7.41e-04 5.91e-04 5.63e-04 1.07e-03 1.37e-03 1.28e-03
^53^Mn 1.71e-04 2.12e-04 2.29e-04 3.57e-04 3.08e-04 2.81e-04 4.60e-04 5.84e-04 6.03e-04
^54^Mn 1.84e-07 3.01e-07 3.20e-07 7.02e-07 6.22e-07 5.70e-07 1.04e-06 1.63e-06 1.53e-06
^55^Mn 1.24e-04 1.40e-04 1.75e-04 2.03e-04 2.29e-04 3.21e-04 5.31e-04 7.47e-04 1.17e-03
^56^Mn 1.05e-07 1.29e-07 5.43e-08 1.00e-07 4.53e-08 5.54e-08 1.69e-07 2.78e-07 2.19e-07
^57^Mn 1.70e-17 1.68e-19 4.90e-25 3.47e-17 2.85e-19 8.81e-26 1.77e-17 7.59e-17 3.09e-17
^52^Fe 1.09e-03 1.49e-03 1.45e-03 2.21e-03 1.75e-03 1.66e-03 3.17e-03 4.02e-03 3.72e-03
^53^Fe 1.13e-14 4.38e-15 9.14e-17 1.95e-13 7.43e-16 9.19e-17 9.37e-13 1.63e-12 2.21e-12
^54^Fe 8.02e-03 9.80e-03 1.32e-02 2.11e-02 2.14e-02 1.80e-02 2.62e-02 3.42e-02 4.09e-02
^55^Fe 1.91e-04 2.30e-04 2.99e-04 4.17e-04 4.60e-04 4.03e-04 5.18e-04 6.42e-04 6.68e-04
^56^Fe 1.22e-02 1.38e-02 1.81e-02 2.21e-02 2.52e-02 3.44e-02 5.48e-02 7.57e-02 1.23e-01
^57^Fe 4.56e-04 5.62e-04 9.94e-04 1.09e-03 1.39e-03 1.86e-03 2.87e-03 3.74e-03 4.85e-03
^58^Fe 3.88e-04 5.96e-04 1.46e-03 1.93e-03 3.02e-03 4.21e-03 5.74e-03 6.98e-03 7.32e-03
^59^Fe 2.64e-05 6.14e-05 1.04e-04 7.85e-05 2.56e-04 4.25e-04 6.74e-04 6.86e-04 8.21e-04
^60^Fe 1.09e-05 5.75e-05 4.06e-05 2.45e-05 8.08e-05 2.18e-04 2.49e-04 3.20e-04 4.46e-04
^61^Fe 1.57e-16 7.71e-17 1.38e-20 1.08e-16 6.13e-20 4.55e-19 1.97e-19 4.17e-16 8.55e-19
^54^Co 7.70e-60 6.41e-60 5.46e-60 6.82e-60 9.46e-60 1.19e-59 1.57e-59 1.94e-59 1.98e-59
^55^Co 7.81e-04 8.88e-04 9.98e-04 1.49e-03 1.23e-03 1.17e-03 1.87e-03 2.29e-03 2.45e-03
^56^Co 3.76e-06 4.11e-06 5.79e-06 7.52e-06 7.94e-06 7.14e-06 8.89e-06 1.16e-05 1.43e-05
^57^Co 1.53e-04 1.31e-04 1.41e-04 1.17e-04 1.47e-04 1.51e-04 9.27e-05 1.13e-04 1.16e-04
^58^Co 1.98e-06 3.72e-06 3.96e-06 5.13e-06 4.22e-06 4.41e-06 1.18e-05 1.85e-05 1.87e-05
^59^Co 1.47e-04 2.08e-04 5.47e-04 6.93e-04 1.09e-03 1.51e-03 1.73e-03 2.12e-03 2.35e-03
^60^Co 9.10e-06 1.35e-05 3.02e-05 4.84e-05 1.15e-04 1.33e-04 1.83e-04 1.73e-04 1.49e-04
^61^Co 5.07e-07 1.06e-06 5.84e-07 1.78e-06 1.21e-06 1.06e-06 2.39e-06 3.80e-06 2.54e-06
^56^Ni 1.04e-01 1.02e-01 1.03e-01 1.03e-01 1.04e-01 1.10e-01 1.01e-01 1.10e-01 1.00e-01
^57^Ni 2.79e-03 2.27e-03 2.29e-03 1.88e-03 2.21e-03 2.34e-03 1.12e-03 1.24e-03 1.27e-03
^58^Ni 5.13e-03 4.00e-03 4.35e-03 4.19e-03 4.88e-03 5.12e-03 3.81e-03 4.95e-03 7.10e-03
^59^Ni 1.40e-04 1.11e-04 1.19e-04 7.69e-05 9.97e-05 1.13e-04 7.90e-05 1.21e-04 1.04e-04
^60^Ni 1.69e-03 1.49e-03 1.63e-03 1.41e-03 1.97e-03 2.33e-03 2.11e-03 2.83e-03 3.52e-03
^61^Ni 8.81e-05 1.05e-04 1.92e-04 2.70e-04 4.73e-04 6.37e-04 7.72e-04 9.02e-04 9.27e-04
^62^Ni 1.56e-04 2.29e-04 4.96e-04 9.48e-04 1.75e-03 2.26e-03 2.63e-03 3.10e-03 3.22e-03
^63^Ni 1.16e-05 2.02e-05 8.93e-05 1.00e-04 3.53e-04 4.75e-04 4.20e-04 3.90e-04 4.22e-04
^64^Ni 2.24e-05 3.82e-05 8.66e-05 1.74e-04 3.82e-04 5.45e-04 5.49e-04 6.05e-04 6.45e-04
^65^Ni 6.88e-08 5.13e-07 2.73e-08 1.29e-07 6.60e-08 8.96e-08 2.62e-07 3.90e-07 2.59e-07
^57^Cu 7.70e-60 6.41e-60 5.46e-60 6.82e-60 9.46e-60 1.19e-59 1.57e-59 1.94e-59 1.98e-59
^58^Cu 6.91e-34 7.98e-39 3.56e-42 2.15e-34 3.83e-43 4.30e-53 2.16e-37 7.30e-38 1.16e-38
^59^Cu 2.97e-19 9.36e-19 2.35e-21 3.52e-18 1.71e-21 9.32e-26 3.23e-20 1.86e-17 1.46e-19
^60^Cu 2.86e-08 2.25e-08 3.08e-08 1.30e-08 2.75e-08 2.94e-08 3.02e-14 3.18e-14 2.25e-14
^61^Cu 2.96e-05 2.17e-05 1.87e-05 7.89e-06 1.72e-05 1.90e-05 1.64e-08 1.83e-08 1.91e-08
^62^Cu 3.62e-07 2.55e-07 2.27e-07 9.33e-08 1.93e-07 2.43e-07 1.36e-12 1.93e-12 2.01e-12
^63^Cu 1.07e-05 1.55e-05 2.38e-05 5.61e-05 6.03e-05 7.80e-05 1.25e-04 1.91e-04 1.95e-04
^64^Cu 6.14e-07 1.01e-06 1.58e-06 4.61e-06 5.16e-06 6.45e-06 1.37e-05 1.58e-05 1.56e-05
^65^Cu 1.16e-05 2.09e-05 3.64e-05 9.95e-05 1.61e-04 2.09e-04 2.40e-04 3.07e-04 3.02e-04
^66^Cu 7.48e-14 2.46e-13 5.34e-16 3.09e-12 5.37e-15 1.37e-16 8.24e-15 8.75e-12 6.16e-14
^60^Zn 3.57e-24 8.53e-25 2.51e-22 1.51e-22 1.72e-22 1.32e-22 2.59e-23 4.44e-23 8.88e-23
^61^Zn 1.28e-22 9.93e-25 3.10e-33 1.24e-22 1.99e-25 1.28e-32 2.59e-22 4.16e-22 7.69e-22
^62^Zn 4.95e-04 3.45e-04 3.08e-04 1.29e-04 2.60e-04 3.16e-04 1.50e-09 1.78e-09 1.99e-09
^63^Zn 6.53e-10 4.42e-10 4.57e-10 1.53e-10 3.99e-10 4.83e-10 3.88e-12 5.01e-12 4.76e-12
^64^Zn 1.80e-05 2.18e-05 3.34e-05 6.23e-05 8.10e-05 1.08e-04 1.41e-04 2.00e-04 2.24e-04
^65^Zn 1.27e-06 1.83e-06 4.53e-06 7.87e-06 1.50e-05 2.08e-05 1.88e-05 1.91e-05 2.24e-05
^66^Zn 1.70e-05 2.52e-05 4.46e-05 1.09e-04 2.10e-04 2.42e-04 2.52e-04 3.02e-04 3.18e-04
^67^Zn 1.66e-06 2.59e-06 9.66e-06 1.66e-05 5.88e-05 6.87e-05 5.66e-05 5.91e-05 6.70e-05
^68^Zn 8.16e-06 1.36e-05 3.61e-05 8.37e-05 2.37e-04 2.53e-04 2.16e-04 2.47e-04 2.48e-04
^69^Zn 9.22e-10 1.48e-09 1.55e-09 8.57e-09 1.13e-08 1.03e-08 2.47e-08 3.22e-08 2.25e-08
^70^Zn 4.88e-07 1.40e-06 7.62e-07 3.86e-06 5.16e-06 3.38e-06 6.07e-06 9.38e-06 5.80e-06
^71^Zn 1.01e-18 2.71e-18 1.07e-20 1.64e-17 1.35e-20 7.36e-22 4.95e-20 5.44e-17 3.33e-19
^62^Ga 7.70e-60 6.41e-60 5.46e-60 6.82e-60 9.46e-60 1.19e-59 1.57e-59 1.94e-59 1.98e-59
^63^Ga 4.86e-30 3.31e-33 1.08e-35 2.52e-30 1.30e-34 3.73e-41 7.23e-31 3.54e-30 1.27e-30
^64^Ga 1.83e-25 3.47e-27 4.52e-35 1.24e-25 2.25e-27 1.15e-33 5.70e-26 1.06e-25 1.65e-25
^65^Ga 8.65e-14 6.33e-14 1.04e-13 4.07e-14 9.76e-14 1.03e-13 3.85e-16 2.21e-14 4.50e-16
^66^Ga 4.63e-06 3.33e-06 2.76e-06 8.96e-07 2.14e-06 2.89e-06 1.44e-09 1.50e-09 1.22e-09
^67^Ga 1.39e-08 1.79e-08 3.04e-08 5.37e-08 6.41e-08 7.51e-08 1.22e-07 1.41e-07 1.40e-07
^68^Ga 3.48e-11 7.75e-11 1.66e-10 3.49e-10 3.64e-10 3.91e-10 8.05e-10 1.02e-09 9.87e-10
^69^Ga 1.16e-06 2.08e-06 5.21e-06 1.23e-05 2.98e-05 3.51e-05 3.02e-05 3.48e-05 3.32e-05
^70^Ga 2.12e-13 6.01e-13 9.87e-13 1.38e-11 2.17e-12 4.19e-12 5.74e-12 1.77e-11 4.40e-12
^71^Ga 7.49e-07 1.38e-06 2.34e-06 8.38e-06 1.85e-05 1.56e-05 1.29e-05 1.66e-05 1.43e-05
^72^Ga 4.33e-08 9.39e-08 5.82e-08 2.88e-07 8.83e-07 6.99e-07 1.08e-06 1.17e-06 9.25e-07
^64^Ge 9.46e-33 8.10e-35 2.21e-47 6.94e-33 1.33e-36 4.41e-43 1.19e-32 1.83e-32 4.34e-32
^65^Ge 4.68e-33 7.18e-37 6.15e-52 1.70e-33 1.23e-38 8.26e-56 2.95e-34 3.39e-34 4.45e-34
^66^Ge 9.08e-07 6.53e-07 5.51e-07 1.78e-07 4.27e-07 5.76e-07 5.81e-14 6.10e-14 5.87e-14
^67^Ge 1.83e-15 1.22e-15 1.82e-15 5.42e-16 1.76e-15 1.98e-15 5.30e-18 6.41e-18 4.27e-18
^68^Ge 5.48e-09 7.18e-09 1.28e-08 2.37e-08 1.76e-08 2.30e-08 4.47e-08 5.99e-08 5.30e-08
^69^Ge 7.90e-10 1.79e-09 3.45e-09 7.64e-09 5.71e-09 7.10e-09 1.32e-08 1.76e-08 1.63e-08
^70^Ge 1.29e-06 2.15e-06 5.74e-06 1.36e-05 3.05e-05 4.10e-05 3.31e-05 3.59e-05 3.47e-05
^71^Ge 5.31e-08 9.97e-08 8.47e-07 1.22e-06 6.12e-06 7.70e-06 5.85e-06 5.10e-06 5.35e-06
^72^Ge 1.26e-06 1.99e-06 4.81e-06 1.17e-05 3.24e-05 3.72e-05 3.07e-05 3.31e-05 3.38e-05
^73^Ge 2.87e-07 3.93e-07 1.63e-06 2.72e-06 1.16e-05 1.37e-05 9.55e-06 9.36e-06 9.92e-06
^74^Ge 1.38e-06 2.05e-06 4.92e-06 1.11e-05 3.45e-05 3.68e-05 2.94e-05 3.23e-05 3.34e-05
^75^Ge 4.02e-10 5.23e-10 1.04e-09 4.63e-09 1.66e-08 8.76e-09 1.45e-08 1.66e-08 1.21e-08
^76^Ge 2.86e-07 3.91e-07 5.06e-07 1.68e-06 2.56e-06 1.77e-06 2.49e-06 3.48e-06 3.16e-06
^77^Ge 1.25e-08 6.07e-08 1.14e-09 7.59e-09 8.53e-09 6.56e-09 2.30e-08 3.53e-08 1.60e-08
^71^As 1.37e-11 3.20e-11 1.39e-10 1.83e-10 4.63e-10 7.69e-10 5.71e-10 4.93e-10 5.49e-10
^72^As 3.42e-11 7.21e-11 2.15e-10 4.78e-10 4.47e-10 6.99e-10 1.15e-09 1.18e-09 9.78e-10
^73^As 3.31e-09 8.71e-09 1.60e-08 3.79e-08 5.28e-08 4.47e-08 5.49e-08 7.21e-08 7.37e-08
^74^As 6.88e-10 2.04e-09 3.90e-09 8.94e-09 1.53e-08 1.22e-08 1.43e-08 1.71e-08 1.76e-08
^75^As 2.59e-07 4.10e-07 8.86e-07 2.32e-06 6.44e-06 5.40e-06 4.91e-06 5.57e-06 5.23e-06
^76^As 2.98e-09 5.65e-09 1.03e-07 6.95e-08 1.17e-06 9.73e-07 6.24e-07 4.35e-07 6.27e-07
^77^As 4.20e-08 1.17e-07 2.31e-07 5.43e-07 3.84e-06 1.20e-06 1.86e-06 1.76e-06 1.59e-06
^74^Se 3.90e-08 6.53e-08 5.39e-08 2.93e-07 3.32e-07 1.27e-07 2.49e-07 2.89e-07 2.55e-07
^75^Se 2.34e-09 5.19e-09 1.00e-08 2.58e-08 2.66e-08 2.21e-08 2.82e-08 3.59e-08 3.03e-08
^76^Se 2.75e-07 4.14e-07 8.20e-07 2.48e-06 4.54e-06 7.09e-06 5.76e-06 6.34e-06 6.06e-06
^77^Se 1.28e-07 1.71e-07 5.17e-07 9.04e-07 2.59e-06 4.16e-06 2.78e-06 2.85e-06 3.18e-06
^78^Se 4.21e-07 5.45e-07 1.30e-06 2.80e-06 7.00e-06 1.08e-05 8.15e-06 8.67e-06 9.58e-06
^79^Se 2.70e-08 4.09e-08 4.11e-07 6.17e-07 3.16e-06 4.49e-06 2.59e-06 2.17e-06 2.31e-06
^80^Se 7.33e-07 8.48e-07 1.97e-06 3.43e-06 1.10e-05 1.42e-05 1.08e-05 1.09e-05 1.37e-05
^81^Se 9.90e-16 7.62e-16 1.72e-15 4.66e-14 6.80e-15 9.78e-14 7.37e-15 6.56e-14 3.47e-15
^82^Se 1.71e-07 1.92e-07 2.94e-07 8.67e-07 1.00e-06 8.80e-07 9.68e-07 1.31e-06 1.55e-06
^83^Se 1.16e-14 5.52e-14 2.89e-15 1.98e-14 9.57e-15 1.15e-14 2.36e-14 3.93e-14 1.47e-14
^75^Br 1.41e-15 2.96e-15 1.04e-14 1.22e-14 8.64e-15 1.46e-14 1.28e-14 1.24e-14 9.71e-15
^76^Br 8.47e-13 1.99e-12 7.09e-12 9.22e-12 6.49e-12 1.36e-11 1.86e-11 2.01e-11 1.84e-11
^77^Br 6.31e-11 1.38e-10 4.15e-10 6.25e-10 6.29e-10 8.76e-10 7.96e-10 8.92e-10 7.48e-10
^78^Br 3.13e-17 7.57e-18 4.20e-21 2.25e-16 1.39e-16 1.12e-20 7.62e-17 1.61e-16 1.39e-16
^79^Br 1.04e-07 1.21e-07 1.62e-07 3.25e-07 4.00e-07 4.46e-07 6.12e-07 9.00e-07 1.24e-06
^80^Br 2.23e-14 5.29e-14 9.75e-15 1.09e-12 1.34e-14 7.16e-15 1.82e-14 1.15e-12 2.43e-14
^81^Br 1.31e-07 1.50e-07 3.35e-07 6.99e-07 2.05e-06 2.10e-06 1.74e-06 1.90e-06 2.24e-06
^82^Br 1.00e-09 1.32e-09 1.77e-08 2.26e-08 3.18e-07 1.60e-07 8.49e-08 5.72e-08 7.39e-08
^83^Br 2.51e-09 6.30e-09 6.65e-09 3.17e-08 8.78e-08 2.85e-08 2.78e-08 3.07e-08 2.38e-08
^78^Kr 4.55e-09 5.58e-09 7.34e-09 1.55e-08 1.75e-08 1.45e-08 1.93e-08 2.56e-08 3.94e-08
^79^Kr 8.38e-11 1.37e-10 8.52e-11 6.67e-10 7.35e-10 1.31e-10 5.34e-10 6.57e-10 5.58e-10
^80^Kr 6.32e-08 9.19e-08 1.05e-07 4.07e-07 5.81e-07 4.81e-07 6.88e-07 1.07e-06 1.02e-06
^81^Kr 1.20e-08 1.85e-08 2.82e-08 8.25e-08 1.23e-07 1.87e-07 1.59e-07 2.00e-07 2.03e-07
^82^Kr 2.29e-07 3.08e-07 5.85e-07 1.41e-06 2.71e-06 4.87e-06 4.21e-06 4.84e-06 5.23e-06
^83^Kr 1.61e-07 2.19e-07 4.17e-07 8.46e-07 2.47e-06 2.68e-06 2.24e-06 2.49e-06 3.00e-06
^84^Kr 7.36e-07 9.15e-07 1.73e-06 3.00e-06 7.73e-06 1.00e-05 9.01e-06 1.02e-05 1.31e-05
^85^Kr 2.51e-08 3.94e-08 2.14e-07 3.88e-07 1.73e-06 2.05e-06 1.37e-06 1.17e-06 1.32e-06
^86^Kr 2.76e-07 3.53e-07 6.36e-07 1.28e-06 2.87e-06 3.55e-06 3.23e-06 3.47e-06 4.23e-06
^87^Kr 8.53e-12 2.76e-11 1.21e-12 5.58e-12 4.97e-12 1.22e-11 2.92e-11 2.50e-11 1.94e-11
^79^Rb 2.81e-19 1.96e-19 1.92e-20 1.59e-18 8.93e-19 1.97e-20 8.07e-19 1.30e-18 1.32e-18
^80^Rb 2.32e-21 1.54e-24 3.22e-37 2.57e-21 4.30e-24 1.17e-42 1.00e-21 1.56e-21 1.25e-21
^81^Rb 9.08e-14 1.34e-13 9.24e-13 5.60e-13 6.98e-13 1.19e-12 5.11e-13 6.23e-13 6.40e-13
^82^Rb 6.59e-14 1.03e-13 4.10e-13 5.38e-13 4.33e-13 7.46e-13 8.36e-13 1.04e-12 1.14e-12
^83^Rb 1.23e-10 2.15e-10 2.61e-10 9.68e-10 1.25e-09 6.22e-10 1.01e-09 1.40e-09 1.40e-09
^84^Rb 1.01e-11 2.02e-11 2.64e-11 9.06e-11 1.27e-10 6.09e-11 1.00e-10 1.43e-10 1.69e-10
^85^Rb 1.60e-07 1.93e-07 2.71e-07 4.77e-07 8.81e-07 9.92e-07 1.18e-06 1.55e-06 2.14e-06
^86^Rb 5.03e-09 9.72e-09 3.36e-08 6.59e-08 2.94e-07 3.21e-07 2.80e-07 2.60e-07 3.06e-07
^87^Rb 1.13e-07 1.64e-07 3.10e-07 6.59e-07 1.80e-06 1.83e-06 1.64e-06 1.88e-06 2.15e-06
^88^Rb 3.56e-16 1.10e-15 5.63e-16 6.00e-15 7.66e-16 3.52e-15 4.60e-15 1.21e-14 2.58e-15
^84^Sr 5.07e-09 6.50e-09 2.58e-08 1.97e-08 1.58e-08 2.83e-08 1.88e-08 2.67e-08 3.63e-08
^85^Sr 1.97e-10 3.03e-10 2.46e-10 1.14e-09 4.88e-10 2.98e-10 8.15e-10 1.11e-09 1.03e-09
^86^Sr 1.20e-07 1.68e-07 2.75e-07 6.30e-07 9.98e-07 1.24e-06 1.32e-06 1.79e-06 1.85e-06
^87^Sr 7.20e-08 1.02e-07 2.04e-07 4.05e-07 8.07e-07 9.79e-07 9.66e-07 1.19e-06 1.30e-06
^88^Sr 6.67e-07 9.39e-07 1.79e-06 3.41e-06 7.11e-06 8.06e-06 8.58e-06 1.04e-05 1.18e-05
^89^Sr 8.75e-09 1.99e-08 7.83e-08 5.94e-08 3.03e-07 4.85e-07 4.02e-07 3.63e-07 4.09e-07
^90^Sr 3.75e-09 1.88e-08 2.33e-08 2.05e-08 1.14e-07 1.40e-07 1.07e-07 1.23e-07 1.26e-07
^91^Sr 2.96e-10 1.77e-09 1.04e-10 3.03e-11 1.01e-10 6.24e-10 1.17e-09 7.06e-10 7.31e-10
^85^Y  2.60e-15 3.04e-15 7.21e-14 8.81e-15 2.03e-14 5.21e-14 3.63e-15 6.02e-15 6.25e-15
^86^Y  1.56e-14 2.14e-14 1.14e-13 5.47e-14 4.05e-14 1.12e-13 3.55e-14 5.42e-14 5.89e-14
^87^Y  7.77e-12 1.15e-11 5.61e-11 3.40e-11 2.18e-11 5.83e-11 2.53e-11 3.47e-11 3.49e-11
^88^Y  1.35e-11 2.27e-11 3.91e-11 7.55e-11 5.48e-11 5.63e-11 8.53e-11 1.12e-10 1.08e-10
^89^Y  1.45e-07 1.89e-07 3.23e-07 6.35e-07 1.01e-06 1.29e-06 1.43e-06 1.81e-06 2.17e-06
^90^Y  7.36e-10 1.05e-09 4.00e-09 6.73e-09 2.70e-08 2.47e-08 2.95e-08 2.84e-08 3.27e-08
^91^Y  3.99e-09 1.05e-08 2.31e-08 2.04e-08 1.10e-07 8.78e-08 9.62e-08 9.58e-08 9.87e-08
^90^Zr 1.58e-07 1.96e-07 3.87e-07 5.22e-07 7.59e-07 1.07e-06 1.20e-06 1.54e-06 2.02e-06
^91^Zr 3.36e-08 4.05e-08 7.40e-08 1.14e-07 2.21e-07 3.13e-07 3.26e-07 3.91e-07 5.06e-07
^92^Zr 5.41e-08 6.62e-08 1.12e-07 1.83e-07 3.39e-07 4.29e-07 4.77e-07 5.89e-07 7.59e-07
^93^Zr 4.13e-09 5.93e-09 2.11e-08 3.16e-08 8.93e-08 1.23e-07 1.05e-07 1.11e-07 1.13e-07
^94^Zr 5.24e-08 6.24e-08 1.01e-07 1.51e-07 2.82e-07 3.38e-07 4.03e-07 5.08e-07 6.82e-07
^95^Zr 9.31e-10 1.52e-09 8.49e-09 6.47e-09 2.40e-08 5.28e-08 4.52e-08 4.03e-08 4.59e-08
^96^Zr 1.73e-09 6.11e-09 1.26e-08 8.69e-09 5.08e-08 7.43e-08 5.67e-08 5.96e-08 6.89e-08
^97^Zr 2.83e-11 1.08e-10 1.82e-11 3.15e-12 3.97e-12 6.17e-11 2.39e-10 1.21e-10 1.41e-10
^91^Nb 3.80e-11 5.58e-11 1.95e-10 2.29e-10 1.87e-10 2.96e-10 2.84e-10 3.74e-10 3.48e-10
^92^Nb 4.72e-12 6.19e-12 1.06e-11 2.85e-11 2.27e-11 2.59e-11 3.04e-11 4.46e-11 4.18e-11
^93^Nb 1.76e-08 1.95e-08 2.52e-08 3.15e-08 3.61e-08 4.98e-08 7.77e-08 1.05e-07 1.85e-07
^94^Nb 5.68e-12 8.01e-12 8.18e-12 3.05e-11 2.02e-11 2.56e-11 4.36e-11 5.67e-11 5.33e-11
^95^Nb 4.47e-11 3.76e-11 4.05e-10 5.11e-10 1.04e-09 2.38e-09 9.11e-10 6.89e-10 7.34e-10
^96^Nb 2.38e-12 7.93e-13 4.51e-11 6.14e-11 7.41e-11 3.37e-10 5.75e-11 3.47e-11 7.56e-11
^97^Nb 3.09e-12 8.19e-12 1.98e-12 5.79e-12 1.49e-12 7.38e-12 2.01e-11 1.12e-11 1.30e-11
^92^Mo 7.85e-09 9.47e-09 1.07e-08 1.88e-08 1.92e-08 2.14e-08 3.83e-08 5.36e-08 8.25e-08
^93^Mo 1.00e-10 1.62e-10 1.26e-10 4.41e-10 3.85e-10 2.22e-10 4.26e-10 7.20e-10 7.14e-10
^94^Mo 6.18e-09 7.56e-09 8.72e-09 1.51e-08 1.51e-08 1.75e-08 2.97e-08 4.54e-08 6.36e-08
^95^Mo 8.48e-09 9.55e-09 1.21e-08 1.71e-08 1.83e-08 2.48e-08 3.93e-08 5.60e-08 8.86e-08
^96^Mo 1.84e-08 2.18e-08 2.87e-08 4.44e-08 5.08e-08 6.56e-08 9.58e-08 1.34e-07 1.96e-07
^97^Mo 1.83e-08 2.72e-08 4.63e-08 1.06e-07 1.51e-07 1.99e-07 2.65e-07 3.43e-07 3.25e-07
^98^Mo 1.92e-08 2.55e-08 7.01e-08 7.60e-08 2.08e-07 2.79e-07 2.58e-07 2.65e-07 3.61e-07
