TABLE 14A EJECTED MASSES AT 2.5 X 104 SECONDS; 12-25 Me MODELS; Z = 10 4 Z0 
U12A U13A U15A U18A U20A U22A U25A U12A U13A U15A U18A U20A U22A U25A 
1H 6.39 6.82 7.64 8.80 9.22 9.95 10.7 	     	       	    	    2.0 12.0 13.2 13.2 13.2 14.3 14.3 14.3 				     
4He 3.91 4.31 5.08 6.12 6.58 7.42 8.53 				    10.1 10.1 11.7 11.8 11.9 12.1 13.6 13.6 				     
2H 4.58E-05 4.58E-05 4.56E-05 5.14E-05 5.17E-05 5.16E-05 5.18E-05   .78E-05 5.78E-05 5,82E-05 5.82E-05 5.82E-05 6.49E-05 6.49E-05 6.49E-05   
3He 2.26E-04 2.35E-04 2.55E-04 2.75E-04 2.91E-04 3.11E-04 3.36E-04  3.69E-04 3.69E-04 4.11E-04 4.11E-04 4.11E-04 4.44E-04 4.44E-04 4.44E-04  
7Li 3.17E-07 2.95E-07 1.07E-07 1.14E-07 3.99E-08 4.84E-08 7.69E-08  8.60E-08 3.99E-08 6.73E-08 2.85E-08 1.46E-08 1.33E-08 4.92E-09 2.73E-09  
7Be 1.70E-07 1.98E-07 1.30E-07 2.03E-07 2.15E-07 3.87E-07 3.86E-07  4.29E-07 4.84E-07 5.46E-07 6.29E-07 7.03E-07 7.13E-07 8.47E-07 9.42E-07  
9Be 1.25E-11 1.16E-11 3.53E-13 1.43E-13 7.24E-14 1.24E-13 1.02E-13  6.43E-14 4.36E-14 5.89E-15 3.32E-14 3.02E-14 3.26E-16 3.55E-14 3.50E-14  
10B 5.39E-12 8.45E-12 1.21E-11 1.13E-11 8.73E-12 1.27E-11 9.13E-12  1.09E-11 1.32E-11 7.71E-12 1.14E-11 1.23E-11 4.47E-12 1.23E-11 1.26E-11  
11B 1.90E-07 3.80E-07 4.40E-07 4.63E-07 3.73E-07 6.26E-07 5.50E-07  5.14E-07 4.73E-07 2.44E-07 4.99E-07 4.73E-07 1.94E-07 6.43E-07 6.23E-07  
11C 1.95E-07 3.06E-07 1.43E-07 1.58E-07 1.42E-07 2.97E-07 2.03E-07  1.75E-07 1.42E-07 1.62E-08 1.60E-07 1.45E-07 1.03E-08 2.65E-07 2.48E-07  
12C 7.39E-02 1.09E-01 1.43E-01 2.19E-01 2.15E-01 2.73E-01 2.95E-01  3.33E-01 3.33E-01 1.64E-01 3.58E-01 3.58E-01 7.96E-02 4.20E-01 4.20E-01  
13C 4.02E-06 4.86E-06 9.81E-06 1.27E-05 1.48E-05 2.01E-05 1.75E-05  1.76E-05 1.59E-05 6.00E-06 1.59E-05 1.49E-05 1.59E-06 1.62E-05 1.53E-05  
14C 2.53E-07 1.50E-07 8.58E-07 8.18E-07 4.91E-07 5.21E-07 4.58E-07  6.98E-07 7.84E-07 1.98E-06 2.24E-06 2.25E-06 3.65E-08 7.14E-07 7.04E-07  
13N 2.15E-06 2.54E-06 8.91E-07 1.26E-06 2.22E-06 3.48E-06 2.80E-06  1.88E-06 1.44E-06 9.25E-08 1.38E-06 1.26E-06 1.80E-08 1.46E-06 1.41E-06  
14N 8.92E-06 1.09E-05 1.25E-05 1.53E-05 1.50E-05 1.85E-05 1.79E-05  1.97E-05 1.97E-05 1.97E-05 2.23E-05 2.23E-05 2.12E-05 2.64E-05 2.62E-05  
15N 8.79E-06 8.76E-06 1.94E-05 4.18E-05 8.53E-05 8.87E-05 1.27E-04  1.37E-04 1.40E-04 1,55E-07 1.65E-04 1.61E-04 8.66E-08 1.66E-04 1.88E-04  
160 1.46E-01 1.81E-01 3.83E-01 7.66E-01 1.51 1.73 2.78 	  	    4.07 4.34 2.63E-02 5.55 5.62 6.76E-03 6.20 6.85 			     
170 5.95E-07 6.63E-07 5.51E-07 6.20E-07 1.01E-06 7.63E-07 5.02E-07  4.42E-07 4.50E-07 3.77E-07 4.46E-07 4.49E-07 3.80E-07 4.90E-07 4.92E-07  
180 2.56E-07 3.92E-07 5.46E-07 6.47E-07 6.88E-07 3.30E-07 2.22E-07  5.55E-08 7.89E-08 4.20E-08 1.04E-07 1.33E-07 1.88E-09 1.78E-07 2.01E-07  
19F 9.77E-06 9.94E-07 3.38E-06 4.00E-05 3.19E-06 3.50E-06 4.61E-06  3.43E-05 3.02E-05 2.63E-07 5.91E-05 5.57E-05 3.17E-08 1.02E-04 9.76E-05  
20Ne 5.59E-02 1.04E-02 3.40E-02 2.03E-01 5.89E-02 6.52E-02 8.17E-02  4.62E-01 4.51E-01 2.48E-05 8.29E-01 8.17E-01 1.79E-05 1.26 1.24 	     
21Ne 1.20E-05 2.58E-06 7.70E-06 5.89E-05 5.88E-06 1.38E-05 1.50E-05  9.12E-05 8.67E-05 6.87E-07 1.59E-04 1.55E-04 8.09E-08 3.26E-04 3.20E-04 
22Ne 4.34E-06 1.23E-06 1.20E-06 1.35E-05 3.95E-06 5.01E-06 7.54E-06  2.59E-05 2.51E-05 5.69E-06 3.65E-05 3.58E-05 2.49E-06 8.23E-05 8.10E-05 
22Na 9.36E-07 1.41E-07 3.59E-07 2.23E-06 2.26E-07 9.85E-07 9.88E-07  5.74E-06 5.59E-06 1.99E-10 9.86E-06 9.73E-06 2.18E-10 2.39E-05 2.37E-05 
23Na 4.24E-04 2.83E-05 5.92E-05 1.55E-03 1.85E-05 1.17E-04 2.53E-04  1.48E-03 1.44E-03 3.50E-07 2.48E-03 2.44E-03 2.45E-07 5.14E-03 5.10E-03 
24Mg 8.42E-03 7.50E-03 1.77E-02 5.67E-02 1.67E-02 3.27E-02 9.59E-02  2.52E-01 2.62E-01 7.27E-07 3.27E-01 3.25E-01 7.99E-07 2.80E-01 3.18E-01 
25Mg 7.47E-05 2.51E-05 9.41E-05 6.02E-04 6.59E-05 1.49E-04 2.34E-04  8.55E-04 8.32E-04 8.74E-08 1.58E-03 1.55E-03 7.67E-08 2.02E-03 2.04E-03 
26Mg 6.95E-05 6.75E-06 6.84E-05 7.22E-04 1.27E-05 8.04E-05 1.54E-04  6.50E-04 6.32E-04 1.33E-06 1.37E-03 1.35E-03 4.65E-08 1.80E-03 1.78E-03 
26Al 1.34E-06 9.13E-06 1.45E-05 4.09E-05 2.99E-06 2.16E-05 3.28E-05  7.91E-05 7.93E-05 9.63E-09 1.61E-04 1.61E-04 7.88E-09 1.99E-04 2.01E-04 
27Al 2.42E-04 1.37E-04 5.79E-04 2.09E-03 9.42E-04 1.32E-03 4.29E-03  7.78E-03 8.03E-03 1.84E-07 8.91E-03 8.95E-03 1.40E-07 7.04E-03 7.97E-03 
28Si 6.02E-02 5.20E-02 5.21E-02 9.73E-02 2.41E-01 2.79E-01 3.59E-01  9.56E-02 2.61E-01 2.83E-06 9.47E-02 2.69E-01 3.82E-06 3.51E-02 3.67E-01 
29Si 8.52E-05 9.57E-05 2.53E-04 5.72E-04 9.92E-04 7.83E-04 1.41E-03  6.77E-04 1.24E-03 1.65E-08 1.19E-03 1.44E-03 7.46E-08 5.88E-04 1.62E-03 
30Si 1.25E-05 1.56E-05 1.78E-04 5.21E-04 4.44E-04 2.99E-04 1.31E-03  1.49E-03 1.67E-03 2.34E-08 1.46E-03 1.48E-03 2.40E-08 7.85E-04 1.13E-03 
31P 1.26E-04 7.60E-05 9.92E-05 2.31E-04 7.72E-04 6.58E-04 1.15E-03  4.86E-04 6.90E-04 7.00E-08 4.15E-04 5.88E-04 5.00E-09 2.03E-04 5.70E-04  
32S 4.77E-02 2.76E-02 2.34E-02 3.74E-02 1.41E-01 1.66E-01 1.62E-01  2.60E-03 8.86E-02 6.25E-08 3.12E-03 1.11E-01 6.15E-08 7.21E-04 1.75E-01  
33S 1.29E-04 7.19E-05 7.00E-05 1.33E-04 7.51E-04 6.85E-04 8.99E-04  4.88E-05 2.07E-04 9.99E-09 7.36E-05 2.33E-04 1.04E-08 2.83E-05 2.81E-04  
34S 1.98E-04 1.09E-04 1.02E-04 2.59E-04 1.43E-03 5.44E-04 6.65E-04  7.03E-05 3.19E-04 3.78E-08 1.69E-04 3.17E-04 7.85E-09 1.87E-05 3.42E-04  
35S 1.06E-07 5.91E-08 6.89E-08 1.54E-07 1.24E-06 7.55E-07 1.03E-06  1.49E-07 3.13E-07 2.46E-08 1.29E-07 2.53E-07 1.82E-10 2.26E-08 2.62E-07  
36S 4.38E-09 2.30E-09 6.67E-09 1.63E-08 1.81E-07 7.32E-08 1.46E-07  7.38E-08 8.45E-08 5.46E-07 5.73E-07 5.76E-07 1.16E-09 6.75E-09 1.76E-08  
35Cl 1.03E-04 3.56E-05 2.26E-05 5.03E-05 5.31E-04 4.29E-04 5.63E-04  4.23E-05 1.01E-04 1.15E-08 2.71E-05 8.61E-05 1.57E-08 9.37E-06 1.02E-04 
36Cl 6.98E-07 3.38E-07 2.43E-07 4.68E-07 4.61E-06 3.43E-06 3.86E-06  9.86E-08 8.12E-07 5.01E-11 8.94E-08 8.46E-07 7.02E-11 1.51E-08 1.13E-06 
37Cl 3.86E-07 1.75E-07 9.58E-08 1.92E-07 8.07E-06 4.87E-06 7.15E-06 6.08E-08 3.27E-07 7.41E-08 1.54E-07 3.82E-07 9.09E-10 1.59E-08 3.23E-07  
36Ar 1.11E-02 5.63E-03 4.74E-03 6.93E-03 3.25E-02 3.49E-02 3.08E-02  8.35E-05 1.74E-02 1.98E-08 9.76E-05 2.27E-02 2.56E-08 2.35E-05 3.59E-02 
37Ar 2.55E-05 8.21E-06 5.75E-06 6.08E-06 1.22E-04 1.07E-04 1.10E-04  5.82E-07 1.29E-05 3.75E-12 8.43E-07 1.45E-05 2.33E-11 2.13E-07 1.56E-05 
38Ar 4.85E-04 1.51E-04 4.04E-05 8.52E-05 9.59E-04 5.59E-04 3.59E-04  9.10E-07 1.08E-04 6.45E-08 6.67E-06 1.19E-04 4.69E-10 1.55E-07 1.33E-04 
40Ar 4.07E-10 9.78E-11 1.59E-10 2.12E-10 8.97E-09 3.28E-09 1.02E-08  1.40E-09 1.57E-09 4.45E-08 4.58E-08 4.59E-08 7.64E-12 1.26E-10 2.95E-10 
39K 1.83E-04 3.94E-05 1.59E-05 3.26E-05 3.42E-04 3.88E-04 4.24E-04  8.32E-07 5.09E-05 6.01E-11 7.39E-07 6.63E-05 6.88E-11 2.99E-07 8.17E-05  	
40K 7.34E-08 2.27E-08 9.43E-09 1.80E-08 6.87E-07 5.22E-07 9.54E-07  2.50E-09 2.97E-08 1.74E-13 1.47E-09 2.87E-08 3.18E-13 4.49E-10 3.00E-08  	
41K 8.03E-09 2.49E-09 9.80E-10 1.62E-09 7.76E-08 5.73E-08 1.13E-07  2.26E-10 3.36E-09 5.78E-09 5.95E-09 9.07E-09 1.09E-11 7.25E-11 3.19E-09  	
40Ca 1.17E-02 5.03E-03 4.44E-03 6.02E-03 1.89E-02 2.30E-02 1.88E-02  3.37E-07 1.60E-02 1.59E-08 9.28E-07 2.18E-02 1.84E-08 1.39E-07 3.42E-02 
41Ca 1.31E-05 2.60E-06 1.91E-06 2.06E-06 2.85E-05 3.15E-05 4.09E-05  3.21E-09 4.68E-06 1.20E-12 1.02E-08 5.55E-06 1.31E-11 7.08E-10 5.90E-06 
42Ca 2.34E-05 5.80E-06 1.32E-06 2.57E-06 4.02E-05 2.75E-05 2.16E-05  4.71E-09 2.97E-06 9.63E-09 3.90E-08 3.87E-06 1.74E-11 1.25E-09 4.27E-06 
43Ca 6.90E-08 2.41E-08 1.26E-08 3.13E-08 4.42E-07 2.58E-07 5.93E-07  1.45E-10 4.59E-08 2.50E-09 2.80E-09 4.66E-07 6.92E-12 7.37E-11 6.05E-07 
44Ca 3.08E-09 1.19E-09 1.07E-09 1.43E-09 2.01E-07 4.00E-08 1.94E-07  6.40E-10 3.69E-09 1.58E-08 1.59E-08 2.22E-08 4.00E-10 5.60E-10 7.60E-09 
45Ca 1.67E-11 4.38E-12 6.25E-12 6.69E-12 4.07E-10 4.31E-11 3.68E-10  1.48E-10 1.47E-10 9.64E-09 9.86E-09 9.83E-09 4.97E-12 1.87E-11 2.06E-11 
46Ca 4.14E-12 7.82E-13 8.28E-12 7.95E-12 3.46E-11 5.48E-12 3.02E-11  3.19E-10 3.18E-10 2.52E-08 2.59E-08 2.58E-08 2.66E-12 1.06E-11 1.12E-11 
47Ca 1.12E-12 4.58E-14 4.66E-12 3.70E-12 1.06E-12 9.63E-13 1.33E-12  1.19E-10 1.24E-10 9.20E-09 9.99E-09 1.02E-08 6.17E-14 1.39E-12 1.56E-12 
48Ca 1.08E-12 2.27E-14 1.21E-11 6.26E-12 1.09E-12 5.33E-13 5.10E-13  3.20E-10 3.33E-10 6.99E-08 7.24E-08 7.26E-08 6.76E-14 5.26E-13 5.88E-13 
43Sc 5.40E-07 2.14E-07 1.38E-07 4.93E-07 3.73E-07 3.76E-07 3.83E-07  1.51E-11 1.06E-07 3.26E-15 9.72E-11 8.02E-07 1.07E-17 6.72E-12 8.44E-07 
45Sc 9.24E-08 6.94E-08 5.70E-07 1.37E-07 2.50E-07 1.82E-07 1.77E-06  5.69E-11 9.28E-07 8.26E-11 1.66E-10 6.05E-07 1.91E-11 6.59E-11 2.46E-07 
44Ti 6.42E-05 5.80E-05 6.29E-05 6.66E-05 1.31E-05 2.82E-05 1.04E-04  2.40E-10 6.17E-05 9.46E-17 3.77E-10 2.04E-04 9.09E-19 7.88E-11 2.35E-04 
45Ti 1.45E-06 1.42E-06 1.01E-05 3.20E-06 3.12E-07 8.19E-07 1.52E-06  1.54E-11 9.18E-07 1.04E-16 2.23E-11 2.32E-06 7.06E-18 5.86E-12 8.97E-07 
46Ti 1.02E-05 2.82E-06 4.95E-06 1.81E-06 6.75E-06 4.00E-06 3.82E-06  1.44E-10 9.72E-07 6.34E-12 1.04E-09 2.22E-06 6.57E-12 8.53E-11 1.95E-06 
47Ti 1.85E-07 1.39E-07 4.18E-07 2.94E-07 3.06E-07 2.33E-07 1.28E-06  3.73E-11 2.49E-07 1.02E-09 1.12E-09 2.04E-06 6.47E-12 3.16E-11 2.42E-06 
48Ti 1.13E-08 4.04E-09 2.09E-09 4.28E-09 7.09E-08 2.83E-08 2.29E-07  7.73E-10 8.72E-08 2.49E-09 2.56E-09 1.49E-07 9.16E-10 9.51E-10 7.77E-08 
49Ti 2.66E-10 9.07E-11 5.82E-11 1.26E-10 2.57E-09 6.37E-10 3.83E-09  1.12E-10 4.73E-10 5.84E-09 5.92E-09 6.88E-09 1.15E-10 1.69E-10 1.09E-09 
50Ti 4.67E-11 2.22E-11 2.88E-11 6.21E-11 1.67E-10 8.79E-11 1.92E-10  2.60E-10 2.66E-10 2.63E-08 2.69E-08 2.67E-08 3.09E-11 2.94E-10 3.14E-10 
47V 5.78E-07 4.35E-07 1.15E-06 1.04E-06 4.50E-07 4.49E-07 3.65E-07  5.81E-13 2.34E-07 4.52E-16 2.22E-12 1.04E-06 3.94E-18 6.45E-13 8.39E-07  	
48V 9.06E-07 1.11E-06 1.53E-06 1.44E-06 1.71E-06 2.66E-06 2.63E-05  1.79E-12 1.57E-05 3.09E-15 5.51E-12 2.93E-05 7.29E-17 1.24E-12 2.91E-05  	
49V 7.84E-07 8.18E-07 8.91E-07 1.24E-06 1.56E-06 1.73E-06 3.98E-06  1.65E-11 2.60E-06 8.23E-14 4.89E-11 6.26E-06 7.02E-16 1.30E-11 1.13E-05  	
50V 4.83E-09 1.90E-09 5.64E-10 3.22E-09 6.92E-09 3.21E-09 5.83E-09  4.69E-12 1.43E-09 2.64E-13 8.61E-12 1.71E-09 4.28E-15 7.84E-12 3.69E-09  	
51V 1.67E-09 7.12E-10 3.16E-10 9.50E-10 5.74E-09 2.49E-09 1.13E-08  6.77E-11 2.27E-09 3.03E-09 3.93E-09 1.04E-08 3.61E-11 7.69E-11 9.73E-09  	
48Cr 1.46E-04 1.67E-04 1.93E-04 1.95E-04 1.90E-04 2.26E-04 3.00E-04  3.19E-13 2.40E-04 4.14E-20 4.83E-13 6.18E-04 1.69E-22 5.71E-13 7.88E-04 
49Cr 4.12E-06 4.36E-06 3.67E-06 5.19E-06 7.86E-06 8.09E-06 6.02E-06  2.12E-13 5.65E-06 1.70E-18 5.53E-13 1.01E-05 1.79E-18 3.91E-13 1.30E-05 
50Cr 1.80E-05 8.11E-06 2.44E-06 1.08E-05 1.40E-05 1.05E-05 8.74E-06  2.98E-11 6.72E-06 1.29E-11 2.54E-10 9.29E-06 1.44E-11 2.31E-11 2.04E-05 
51Cr 1.12E-06 1.31E-06 1.02E-06 2.60E-06 4.01E-06 3.89E-06 5.60E-06  1.11E-11 4.03E-06 2.92E-13 7.01E-11 8.19E-06 3.47E-14 5.29E-12 1.87E-05 
52Cr 2.72E-07 2.95E-07 7.77E-08 2.75E-07 4.85E-07 3.39E-07 1.74E-06  5.43E-09 9.78E-07 1.56E-08 1.62E-08 1.46E-06 6.57E-09 7.16E-09 1.48E-06 
53Cr 1.24E-09 1.29E-09 5.92E-10 2.45E-09 3.70E-09 2.40E-09 3.52E-09  3.00E-10 1.41E-09 1.89E-09 1.94E-09 3.17E-09 3.38E-10 4.50E-10 3.20E-09 	
54Cr 3.00E-10 2.69E-10 1.97E-10 8.04E-10 8.26E-10 6.91E-10 1.07E-09  4.97E-10 7.54E-10 1.34E-08 1.42E-08 1.47E-08 1.20E-10 1.07E-09 1.90E-09 
51Mn 5.22E-06 7.28E-06 4.52E-06 1.12E-05 2.16E-05 1.97E-05 1.42E-05  8.87E-14 1.18E-05 7.34E-16 3.36E-13 1.91E-05 5.86E-17 1.63E-13 2.80E-05 
52Mn 1.31E-05 2.07E-05 2.15E-05 3.26E-05 6.35E-05 7.20E-05 1.51E-04  1.48E-12 1.26E-04 1.83E-14 3.35E-12 2.46E-04 9.12E-16 1.93E-12 4.63E-04 
53Mn 2.97E-05 3.90E-05 3.44E-05 5.95E-05 9.92E-05 1.03E-04 1.14E-04  4.03E-11 1.11E-04 3.97E-14 5.71E-11 2.00E-04 1.72E-15 2.06E-11 3.72E-04 
54Mn 2.39E-07 2.34E-07 9.62E-08 5.32E-07 5.41E-07 3.93E-07 3.73E-07  2.22E-11 2.52E-07 1.60E-13 1.93E-11 3.14E-07 2.02E-15 1.24E-11 8.12E-07 
55Mn 5.67E-09 5.64E-09 2.89E-09 1.28E-08 1.34E-08 1.07E-08 1.96E-08  1.31E-09 9.16E-09 3.91E-09 4.89E-09 2.78E-08 1.48E-09 1.75E-09 2.41E-08 
52Fe 7.92E-04 1.31E-03 1.04E-03 1.55E-03 3.50E-03 3.62E-03 2.82E-03  1.35E-14 3.01E-03 3.48E-20 2.80E-14 5.80E-03 1.83E-21 4.41E-14 8.46E-03 
53Fe 2.48E-05 3.32E-05 1.96E-05 3.36E-05 8.07E-05 7.54E-05 3.41E-05  2.31E-14 3.45E-05 3.56E-18 5.63E-14 4.48E-05 3.78E-18 4.33E-14 3.17E-05 
54Fe 6.99E-04 6.91E-04 2.87E-04 1.17E-03 1.32E-03 1.02E-03 8.93E-04  1.38E-09 8.10E-04 1.50E-09 1.75E-09 1.14E-03 1.69E-09 1.75E-09 2.85E-03 
55Fe 1.10E-05 1.38E-05 7.79E-06 3.25E-05 2.54E-05 2.47E-05 6.94E-05  8.94E-11 3.88E-05 1.00E-12 1.43E-10 1.21E-04 1.35E-11 6.93E-11 1.38E-04 
56Fe 4.25E-06 3.72E-06 1.36E-06 4.03E-06 7.02E-06 5.24E-06 9.36E-06  5.54E-07 6.42E-06 6.07E-07 6.34E-07 1.08E-05 6.89E-07 7.26E-07 8.95E-06 
57Fe 1.75E-08 1.82E-08 1.63E-08 2.94E-08 3.50E-08 3.57E-08 1.91E-07  2.86E-08 1.22E-07 2.36E-08 3.54E-08 2.70E-07 2.99E-08 4.79E-08 2.35E-07 
58Fe 6.07E-09 4.06E-09 6.68E-09 1.18E-08 1.16E-08 1.67E-08 3.48E-08  3.54E-08 3.47E-08 6.17E-09 5.01E-08 5.65E-08 1.05E-08 7.36E-08 9.69E-08 
59Fe 1.86E-09 5.29E-10 2.98E-09 2.67E-09 2.08E-09 3.03E-09 7.23E-09  9.15E-10 8.86E-10 5.76E-09 6.54E-09 6.52E-09 2.96E-09 1.14E-08 1.17E-08 
60Fe 2.44E-09 1.24E-10 7.47E-09 6.79E-09 2.44E-09 2.57E-09 4.02E-09  7.60E-09 7.44E-09 1.73E-08 1.80E-08 1.80E-08 1.23E-09 5.80E-09 6.17E-09 
55Co 1.99E-04 2.65E-04 1.53E-04 5.23E-04 5.23E-04 4.71E-04 5.20E-04  5.39E-13 4.24E-04 7.60E-15 7.44E-13 1.01E-03 1.03E-14 6.98E-13 1.65E-03 
56Co 1.07E-04 1.64E-04 1.24E-04 3.73E-04 3.78E-04 4.10E-04 3.40E-03  1.49E-11 2.92E-03 2.87E-13 1.67E-11 5.49E-03 3.88E-13 1.40E-11 4.82E-03 
57Co 1.12E205 1.43E-05 8.71E-06 2.86E-05 2.27E-05 2.42E-05 4.04E-04  2.27E-09 2.72E-04 6.39E-14 1.48E-09 6.76E-04 9.91E-14 9.58E-10 6.37E-04 
58Co 1.08E-07 7.88E-08 8.17E-08 1.10E-06 1.31E-07 1.24E-07 6.61E-07  7.41E-10 1.20E-07 4.86E-14 4.98E-10 3.11E-06 8.39E-14 3.26E-10 8.98E-06 
59Co 2.73E-09 2.32E-09 2.27E-09 7.47E-09 9.43E-09 7.80E-09 1.82E-08  1.73E-08 1.81E-08 1.55E-09 1.98E-08 2.93E-08 2.47E-09 2.25E-08 3.81E-08 
59Co 1.68E-10 1.62E-10 1.92E-10 4.05E-10 3.48E-10 4.62E-10 9.49E-10  6.47E-10 6.71E-10 8.57E-11 1.21E-09 1.41E-09 3.88E-10 2.93E-09 3.21E-09 
61Co 8.77E-10 3.21E-11 9.33E-09 5.05E-09 1.01E-09 6.74E-10 5.29E-10  3.18E-10 4.61E-10 5.46E-10 1.09E-09 1.29E-09 2.22E-11 8.74E-10 9.71E-10 
56Ni 5.44E-02 8.92E-02 6.35E-02 1.61E-01 9.01E-02 1.23E-01 2.03E-01  1.22E-13 2.09E-01 3.60E-19 1.18E-13 5.82E-01 6.73E-19 1.22E-13 6.89E-01 
57Ni 2.15E-03 2.81E-03 1.49E-03 4.79E-03 9.74E-04 1.72E-03 4.65E-03  1.42E-12 3.73E-03 1.21E-14 2.01E-12 1.44E-02 1.41E-14 1.13E-12 1.65E-02 
58Ni 2.68E-04 2.96E-04 8.07E-04 1.78E-03 2.65E-04 4.36E-04 1.57E-03  4.26E-08 7.45E-04 4.67E-08 4.92E-08 5.97E-03 5.25E-08 5.38E-08 1.21E-02 
59Ni 5.11E-05 4.15E-05 3.35E-05 2.34E-04 5.56E-06 1.70E-05 2.03E-04  1.65E-09 5.48E-05 1.96E-11 2.16E-09 6.54E-04 1.23E-10 1.46E-09 7.94E-04 
60Ni 3.47E-04 5.42E-04 4.93E-04 8.43E-04 2.31E-04 4.77E-04 4.12E-03  3.39E-08 3.58E-03 1.66E-08 4.50E-08 9.20E-03 1.93E-08 4.39E-08 1.26E-02 
61Ni 2.39E-06 3.60E-06 3.66E-06 6.62E-06 4.84E-06 8.71E-06 1.40E-04  7.97E-09 1.07E-04 2.00E-09 1.11E-08 1.99E-04 1.69E-09 1.31E-08 2.04E-04 
62Ni 7.19E-07 7.42E-07 7.64E-08 2.40E-06 6.76E-08 3.06E-08 1.46E-04  2.03E-08 7.76E-07 8.22E-09 2.74E-08 3.03E-04 8.21E-09 3.12E-08 5.55E-04 
63Ni 4.11E-10 2.41E-10 4.06E-10 8.56E-10 3.69E-10 6.34E-10 1.73E-09  2.83E-09 2.73E-09 2.33E-09 5.42E-09 5.31E-09 9.19E-10 7.09E-09 7.01E-09 
64Ni 7.02E-10 3.15E-10 9.24E-10 2.19E-09 1.81E-09 2.89E-09 5.53E-09  1.55E-08 1.51E-08 5.87E-09 2.42E-08 2.38E-08 7.63E-10 2.94E-08 2.91E-08 
60Cu 1.70E-03 2.04E-03 1.41E-03 3.34E-03 9.97E-05 7.63E-04 8.99E-04  7.48E-13 8.50E-04 1.84E-16 9.77E-13 5.16E-03 2.87E-16 6.57E-13 2.98E-03 
61Cu 9.49E-05 1.12E-04 9.06E-05 2.15E-04 8.36E-06 5.22E-05 1.28E-04  1.41E-11 1.02E-04 2.67E-15 1.89E-11 5.06E-04 2.16E-15 1.69E-11 5.40E-04 
62Cu 1.75E-06 1.50E-06 1.17E-07 5.09E-06 1.05E-08 4.33E-09 4.77E-06  1.12E-11 2.90E-08 6.04E-17 1.68E-11 1.91E-05 4.53E-17 1.54E-11 3.07E-05 
63Cu 1.88E-06 3.16E-06 1.42E-06 1.88E-06 1.58E-07 1.80E-07 8.89E-06  3.20E-09 1.82E-06 8.12E-11 3.97E-09 1.90E-05 9.16E-11 4.99E-09 3.16E-05 
64Cu 1.15E-11 2.82E-11 4.75E-11 8.92E-11 5.11E-11 1.10E-10 2.67E-10  3.38E-10 3.43E-10 1.55E-13 4.63E-10 4.81E-10 1.69E-13 5.29E-10 6.06E-10 
65Cu 1.47E-10 9.40E-11 5.82E-10 8.58E-10 7.94E-10 1.06E-09 2.79E-09  5.72E-09 7.16E-09 1.57E-09 7.84E-09 8.33E-09 1.15E-10 9.14E-09 9.74E-09 
66Cu 4.43E-12 2.94E-12 5.15E-13 9.02E-13 7.64E-13 1.46E-12 1.38E-12  3.93E-12 3.25E-12 7.08E-13 4.13E-12 4.05E-12 8.20E-15 4.64E-12 5.22E-12 
60Zn 1.69E-04 1.29E-04 4.12E-05 2.10E-04 6.65E-06 4.44E-05 3.63E-06  5.86E-19 8.80E-06 1.22E-28 3.45E-19 1.10E-05 4.30E-28 1.27E-19 6.27E-08 
61Zn 1.70E-06 9.74E-07 2.09E-07 1.82E-06 3.84E-08 3.32E-07 6.03E-09  1.36E-18 2.18E-08 3.06E-30 9.94E-19 1.37E-08 1.09E-30 1.66E-19 5.72E-12 
62Zn 1.95E-04 1.49E-04 1.03E-05 5.14E-04 9.50E-07 3.84E-07 2.72E-04  2.30E-12 1.72E-06 5.99E-18 4.10E-12 1.16E-03 8.23E-18 6.53E-12 1.73E-03 
63Zn 1.16E-05 1.49E-05 5.39E-06 9.57E-06 1.50E-07 3.01E-07 8.65E-07  2.63E-12 3.24E-07 1.05E-16 5.04E-12 1.06E-05 1.16E-16 6.66E-12 9.16E-06 
64Zn 6.69E-05 1.18E-04 2.08E-04 4.84E-05 1.37E-05 6.63E-05 1.21E-04  3.28E-09 2.74E-04 8.80E-10 5.04E-09 2.14E-04 9.89E-10 5.32E-09 1.90E-04 
65Zn 2.49E-07 3.90E-07 8.89E-07 3.24E-07 1.29E-07 5.69E-07 1.66E-06  6.23E-10 2.84E-06 5.37E-13 9.95E-10 2.34E-06 1.76E-12 1.31E-09 2.75E-06 
66Zn 2.10E-09 3.08E-09 3.63E-09 6.07E-09 1.83E-08 4.22E-08 2.41E-06  7.41E-09 1.08E-06 1.97E-09 1.18E-08 3.47E-06 2.75E-10 1.32E-08 5.57E-06 
67Zn 3.96E-11 2.38E-11 5.44E-11 1.75E-10 1.15E-10 2.16E-10 1.07E-09  1.20E-09 1.38E-09 3.60E-10 2.30E-09 3.29E-09 2.15E-11 3.28E-09 6.41E-09 
68Zn 1.46E-10 6.51E-11 2.09E-10 8.89E-10 6.02E-10 8.95E-10 1.69E-09  1.82E-08 1.76E-08 3.58E-08 4.47E-08 4.40E-08 8.90E-11 1.52E-08 1.51E-08 
69Zn 8.81E-12 4.95E-12 2.31E-11 3.10E-11 1.44E-11 2.25E-11 4.45E-11  2.75E-09 3.96E-09 4.39E-09 7.99E-09 9.36E-09 1.05E-12 1.21E-10 1.25E-10 
64Ga 1.27E-05 1.30E-05 1.09E-05 5.68E-06 3.99E-07 5.22E-06 5.29E-07  1.36E-15 1.26E-06 9.27E-23 1.14E-15 7.02E-07 7.59E-23 6.46E-16 3.92E-09 
65Ga 5.22E-07 6.05E-07 1.10E-06 5.41E-07 2.16E-08 5.00E-07 5.48E-07  4.37E-14 3.89E-07 6.33E-18 6.37E-14 7.56E-07 6.90E-19 5.56E-14 1.96E-07 
66Ga 3.13E-07 3.86E-07 3.56E-07 7.19E-07 9.50E-08 3,14E-07 6.94E-06  1.03E-12 3.40E-06 9.51E-16 1.73E-12 1.22E-05 9.97E-17 2.29E-12 2.14E-05 
67Ga 3.72E-09 3.86E-09 5.33E-09 5.58E-09 1.78E-10 1.06E-09 1.71E-08  9.98E-11 4.93E-09 1.66E-13 1.19E-10 2.85E-08 5.04E-16 1.35E-10 7.14E-08 
68Ga 1.13E-13 1.32E-12 1.84E-12 3,04E-12 5.48E-13 2.22E-12 7.82E-12  1.78E-11 1.76E-11 1.35E-13 3.03E-11 3.13E-11 3.09E-16 3.47E-11 4.17E-11 
69Ga 2.03E-11 1.10E-11 6.06E-11 1.80E-10 1.52E-10 1.43E-10 4.55E-10  5.06E-09 5.64E-09 8.64E-09 1.21E-08 1.28E-08 9.52E-12 2.44E-09 2.54E-09 
70Ga 6.93E-13 2.04E-12 2.31E-12 7.85E-12 3.34E-12 5.47E-12 1.19E-11  4.52E-10 5.11E-10 6.75E-10 8.83E-10 9.46E-10 2.67E-13 6.90E-11 6.95E-11 
64Ge 2.97E-07 1.88E-07 4.68E-08 7.12E-08 5.20E-09 5.66E-08 1.63E-10  3.70E-22 1.36E-09 1.95E-36 1.22E-22 1.62E-10 2.49E-36 4.50E-23 4.18E-15 
65Ge 1.05E-11 2.48E-12 1.01E-13 1.54E-12 7.21E-14 9.38E-13 1.52E-17  7.34E-26 4.98E-16 1.78E-44 1.09E-26 7.01E-18 3.54E-46 1.44E-27 1.23E-25 
66Ge 6.39E-06 6.48E-06 4.93E-06 1.27E-05 8.54E-08 1.21E-06 4.12E-06  6.22E-15 2.37E-06 3.97E-20 1.25E-14 2.05E-05 3.17E-22 2.39E-14 2.15E-05 
67Ge 8.84E-09 6.90E-09 7.98E-09 1.13E-08 1.98E-11 9.05E-10 1.63E-09  1.23E-14 5.80E-10 2.29E-20 2.20E-14 5.36E-09 7.67E-23 2.82E-14 2.07E-09 
68Ge 1.35E-09 1.05E-09 9.31E-10 1.35E-09 9.76E-12 7.77E-11 1.04E-09  2.18E-11 3.52E-10 4.03E-14 5.08E-11 3.97E-09 4.74E-17 5.92E-11 2.60E-08 
69Ge 4.48E-13 3.36E-12 2.09E-12 3.75E-12 2.98E-12 2.81E-12 5.16E-12  7.07E-12 7.95E-12 2.35E-13 1.55E-11 1.66E-11 4.54E-16 1.91E-11 4.45E-11 
70Ge 2.40E-11 7.17E-11 2.10E-10 5.79E-10 6.12E-10 3.97E-10 9.60E-10  5.79E-09 5.94E-09 9.76E-09 1.27E-08 1.26E-08 1.34E-11 3.57E-09 5.16E-09 
71Ge 1.25E-10 2.39E-11 1.14E-10 1.06E-09 1.85E-10 3.57E-10 4.88E-10  4.36E-08 4.23E-08 1.24E-07 1.30E-07 1.28E-07 4.10E-11 1.16E-08 1.15E-08 
m_ej 10.8 11.6 13.5 16.5 18.1 20.1 23.3 27.3 28.1 25.1 32.2 33.2 26.5 36.1 38.2 
